0|0|44|49|51|1
1|0|44|49|51|1
2|0|44|49|51|1
3|0|44|49|51|1
4|0|44|49|51|1
5|0|44|49|51|1
6|0|44|49|51|1
7|0|44|49|51|1
8|0|44|49|51|1
9|0|44|49|51|1
10|0|44|49|51|1
11|0|44|49|51|1
12|0|44|49|51|1
13|0|44|49|51|1
14|0|44|49|51|1
15|0|44|49|51|1
16|0|44|49|51|1
17|0|44|49|51|1
18|0|44|49|51|1
19|0|44|49|51|1
20|0|44|49|51|1
21|0|44|49|51|1
22|0|44|49|51|1
23|0|44|49|51|1
24|0|44|49|51|1
25|0|44|49|51|1
26|0|44|49|51|1
27|0|44|49|51|1
28|0|44|49|51|1
29|0|44|49|51|1
30|0|44|49|51|1
31|0|44|49|51|1
32|0|44|49|51|1
33|0|44|49|51|1
34|0|44|49|51|1
35|0|44|49|51|1
36|0|44|49|51|1
37|0|44|49|51|1
38|0|44|49|51|1
39|0|44|49|51|1
0|1|44|49|51|1
1|1|44|49|51|1
2|1|44|49|51|1
3|1|44|49|51|1
4|1|44|49|51|1
5|1|44|49|51|1
6|1|44|49|51|1
7|1|44|49|51|1
8|1|44|49|51|1
9|1|44|49|51|1
10|1|44|49|51|1
11|1|44|49|51|1
12|1|44|49|51|1
13|1|44|49|51|1
14|1|44|49|51|1
15|1|44|49|51|1
16|1|44|49|51|1
17|1|44|49|51|1
18|1|44|49|51|1
19|1|44|49|51|1
20|1|44|49|51|1
21|1|44|49|51|1
22|1|44|49|51|1
23|1|44|49|51|1
24|1|44|49|51|1
25|1|44|49|51|1
26|1|44|49|51|1
27|1|44|49|51|1
28|1|44|49|51|1
29|1|44|49|51|1
30|1|44|49|51|1
31|1|44|49|51|1
32|1|44|49|51|1
33|1|44|49|51|1
34|1|44|49|51|1
35|1|44|49|51|1
36|1|44|49|51|1
37|1|44|49|51|1
38|1|44|49|51|1
39|1|44|49|51|1
0|2|44|49|51|1
1|2|44|49|51|1
2|2|44|70|14|1
3|2|45|71|14|1
4|2|46|73|15|1
5|2|47|75|15|1
6|2|48|76|15|1
7|2|49|78|16|1
8|2|50|80|16|1
9|2|51|81|16|1
10|2|52|83|17|1
11|2|53|84|17|1
12|2|54|85|17|1
13|2|54|86|17|1
14|2|55|88|18|1
15|2|56|88|18|1
16|2|56|89|18|1
17|2|57|90|18|1
18|2|57|90|18|1
19|2|57|90|18|1
20|2|57|90|18|1
21|2|57|90|18|1
22|2|57|90|18|1
23|2|57|90|18|1
24|2|56|89|18|1
25|2|56|88|18|1
26|2|55|88|18|1
27|2|54|86|17|1
28|2|54|85|17|1
29|2|53|84|17|1
30|2|52|83|17|1
31|2|51|81|16|1
32|2|50|80|16|1
33|2|49|78|16|1
34|2|48|76|15|1
35|2|47|75|15|1
36|2|46|73|15|1
37|2|45|71|14|1
38|2|44|49|51|1
39|2|44|49|51|1
0|3|44|49|51|1
1|3|44|49|51|1
2|3|45|71|14|1
3|3|46|73|15|1
4|3|47|75|15|1
5|3|48|77|16|1
6|3|49|78|16|1
7|3|50|80|16|1
8|3|52|82|17|1
9|3|53|84|17|1
10|3|54|85|17|1
11|3|55|87|18|1
12|3|56|88|18|1
13|3|56|89|18|1
14|3|57|90|18|1
15|3|57|91|18|1
16|3|58|92|19|1
17|3|58|93|19|1
18|3|59|93|19|1
19|3|59|94|19|1
20|3|59|94|19|1
21|3|59|94|19|1
22|3|59|93|19|1
23|3|58|93|19|1
24|3|58|92|19|1
25|3|57|91|18|1
26|3|57|90|18|1
27|3|56|89|18|1
28|3|56|88|18|1
29|3|55|87|18|1
30|3|54|85|17|1
31|3|53|84|17|1
32|3|52|82|17|1
33|3|50|80|16|1
34|3|49|78|16|1
35|3|48|77|16|1
36|3|47|75|15|1
37|3|46|73|15|1
38|3|44|49|51|1
39|3|44|49|51|1
0|4|44|49|51|1
1|4|44|49|51|1
2|4|46|73|15|1
3|4|47|75|15|1
4|4|48|77|16|1
5|4|49|78|16|1
6|4|51|81|16|1
7|4|52|83|17|1
8|4|53|84|17|1
9|4|54|86|17|1
10|4|55|88|18|1
11|4|56|89|18|1
12|4|57|90|18|1
13|4|58|92|19|1
14|4|59|93|19|1
15|4|59|94|19|1
16|4|60|95|19|1
17|4|60|96|19|1
18|4|61|96|20|1
19|4|61|97|20|1
20|4|61|97|20|1
21|4|61|97|20|1
22|4|61|96|20|1
23|4|60|96|19|1
24|4|60|95|19|1
25|4|59|94|19|1
26|4|59|93|19|1
27|4|58|92|19|1
28|4|57|90|18|1
29|4|56|89|18|1
30|4|55|88|18|1
31|4|54|86|17|1
32|4|53|84|17|1
33|4|52|83|17|1
34|4|51|81|16|1
35|4|49|78|16|1
36|4|48|77|16|1
37|4|47|75|15|1
38|4|44|49|51|1
39|4|44|49|51|1
0|5|44|49|51|1
1|5|44|49|51|1
2|5|47|75|15|1
3|5|48|77|16|1
4|5|49|78|16|1
5|5|51|81|16|1
6|5|52|83|17|1
7|5|53|84|17|1
8|5|55|87|18|1
9|5|56|89|18|1
10|5|57|90|18|1
11|5|58|92|19|1
12|5|59|94|19|1
13|5|60|95|19|1
14|5|61|96|20|1
15|5|61|97|20|1
16|5|62|98|20|1
17|5|62|99|20|1
18|5|63|100|20|1
19|5|63|100|20|1
20|5|63|100|20|1
21|5|63|100|20|1
22|5|63|100|20|1
23|5|62|99|20|1
24|5|62|98|20|1
25|5|61|97|20|1
26|5|61|96|20|1
27|5|60|95|19|1
28|5|59|94|19|1
29|5|58|92|19|1
30|5|57|90|18|1
31|5|56|89|18|1
32|5|55|87|18|1
33|5|53|84|17|1
34|5|52|83|17|1
35|5|51|81|16|1
36|5|49|78|16|1
37|5|48|77|16|1
38|5|44|49|51|1
39|5|44|49|51|1
0|6|44|49|51|1
1|6|44|49|51|1
2|6|48|76|15|1
3|6|49|78|16|1
4|6|51|81|16|1
5|6|52|83|17|1
6|6|54|85|17|1
7|6|55|87|18|1
8|6|56|89|18|1
9|6|57|91|18|1
10|6|59|93|19|1
11|6|60|95|19|1
12|6|61|96|20|1
13|6|61|97|20|1
14|6|62|99|20|1
15|6|63|100|20|1
16|6|64|101|21|1
17|6|64|102|21|1
18|6|65|103|21|1
19|6|65|103|21|1
20|6|65|103|21|1
21|6|65|103|21|1
22|6|65|103|21|1
23|6|64|102|21|1
24|6|64|101|21|1
25|6|63|100|20|1
26|6|62|99|20|1
27|6|61|97|20|1
28|6|61|96|20|1
29|6|60|95|19|1
30|6|59|93|19|1
31|6|57|91|18|1
32|6|56|89|18|1
33|6|55|87|18|1
34|6|54|85|17|1
35|6|52|83|17|1
36|6|51|81|16|1
37|6|49|78|16|1
38|6|44|49|51|1
39|6|44|49|51|1
0|7|44|49|51|1
1|7|44|49|51|1
2|7|49|78|16|1
3|7|50|80|16|1
4|7|52|83|17|1
5|7|53|84|17|1
6|7|55|87|18|1
7|7|56|89|18|1
8|7|57|91|18|1
9|7|59|94|19|1
10|7|60|96|19|1
11|7|61|97|20|1
12|7|62|99|20|1
13|7|63|101|20|1
14|7|64|102|21|1
15|7|65|103|21|1
16|7|66|104|21|1
17|7|66|105|21|1
18|7|67|106|21|1
19|7|67|106|22|1
20|7|67|106|22|1
21|7|67|106|22|1
22|7|67|106|21|1
23|7|66|105|21|1
24|7|66|104|21|1
25|7|65|103|21|1
26|7|64|102|21|1
27|7|63|101|20|1
28|7|62|99|20|1
29|7|61|97|20|1
30|7|60|96|19|1
31|7|59|94|19|1
32|7|57|91|18|1
33|7|56|89|18|1
34|7|55|87|18|1
35|7|53|84|17|1
36|7|52|83|17|1
37|7|50|80|16|1
38|7|44|49|51|1
39|7|44|49|51|1
0|8|44|49|51|1
1|8|44|49|51|1
2|8|50|80|16|1
3|8|52|82|17|1
4|8|53|84|17|1
5|8|55|87|18|1
6|8|56|89|18|1
7|8|57|91|18|1
8|8|59|94|19|1
9|8|60|96|19|1
10|8|62|98|20|1
11|8|63|100|20|1
12|8|64|102|21|1
13|8|65|103|21|1
14|8|66|105|21|1
15|8|67|106|22|1
16|8|68|107|22|1
17|8|68|108|22|1
18|8|69|109|22|1
19|8|69|109|22|1
20|8|69|109|22|1
21|8|69|109|22|1
22|8|69|109|22|1
23|8|68|108|22|1
24|8|68|107|22|1
25|8|67|106|22|1
26|8|66|105|21|1
27|8|65|103|21|1
28|8|64|102|21|1
29|8|63|100|20|1
30|8|62|98|20|1
31|8|60|96|19|1
32|8|59|94|19|1
33|8|57|91|18|1
34|8|56|89|18|1
35|8|55|87|18|1
36|8|53|84|17|1
37|8|52|82|17|1
38|8|44|49|51|1
39|8|44|49|51|1
0|9|44|49|51|1
1|9|44|49|51|1
2|9|51|81|16|1
3|9|53|84|17|1
4|9|54|86|17|1
5|9|56|89|18|1
6|9|57|91|18|1
7|9|59|94|19|1
8|9|60|96|19|1
9|9|62|98|20|1
10|9|63|100|20|1
11|9|65|103|21|1
12|9|66|104|21|1
13|9|67|106|22|1
14|9|68|108|22|1
15|9|69|109|22|1
16|9|69|110|22|1
17|9|70|111|23|1
18|9|71|112|23|1
19|9|71|112|23|1
20|9|71|113|23|1
21|9|71|112|23|1
22|9|71|112|23|1
23|9|70|111|23|1
24|9|69|110|22|1
25|9|69|109|22|1
26|9|68|108|22|1
27|9|67|106|22|1
28|9|66|104|21|1
29|9|65|103|21|1
30|9|63|100|20|1
31|9|62|98|20|1
32|9|60|96|19|1
33|9|59|94|19|1
34|9|57|91|18|1
35|9|56|89|18|1
36|9|54|86|17|1
37|9|53|84|17|1
38|9|44|49|51|1
39|9|44|49|51|1
0|10|44|49|51|1
1|10|44|49|51|1
2|10|52|83|17|1
3|10|54|85|17|1
4|10|55|88|18|1
5|10|57|90|18|1
6|10|59|93|19|1
7|10|60|96|19|1
8|10|62|98|20|1
9|10|63|100|20|1
10|10|65|103|21|1
11|10|66|104|21|1
12|10|67|107|22|1
13|10|69|109|22|1
14|10|70|110|22|1
15|10|71|112|23|1
16|10|71|113|23|1
17|10|72|114|23|1
18|10|73|115|23|1
19|10|73|115|23|1
20|10|73|116|23|1
21|10|73|115|23|1
22|10|73|115|23|1
23|10|72|114|23|1
24|10|71|113|23|1
25|10|71|112|23|1
26|10|70|110|22|1
27|10|69|109|22|1
28|10|67|107|22|1
29|10|66|104|21|1
30|10|65|103|21|1
31|10|63|100|20|1
32|10|62|98|20|1
33|10|60|96|19|1
34|10|59|93|19|1
35|10|57|90|18|1
36|10|55|88|18|1
37|10|54|85|17|1
38|10|44|49|51|1
39|10|44|49|51|1
0|11|44|49|51|1
1|11|44|49|51|1
2|11|53|84|17|1
3|11|55|87|18|1
4|11|56|89|18|1
5|11|58|92|19|1
6|11|60|95|19|1
7|11|61|97|20|1
8|11|63|100|20|1
9|11|65|103|21|1
10|11|66|104|21|1
11|11|68|107|22|1
12|11|69|109|22|1
13|11|70|111|23|1
14|11|71|113|23|1
15|11|72|115|23|1
16|11|73|116|23|1
17|11|74|117|24|1
18|11|74|117|24|1
19|11|74|118|24|1
20|11|75|119|24|1
21|11|74|118|24|1
22|11|74|117|24|1
23|11|74|117|24|1
24|11|73|116|23|1
25|11|72|115|23|1
26|11|71|113|23|1
27|11|70|111|23|1
28|11|69|109|22|1
29|11|68|107|22|1
30|11|66|104|21|1
31|11|65|103|21|1
32|11|63|100|20|1
33|11|61|97|20|1
34|11|60|95|19|1
35|11|58|92|19|1
36|11|56|89|18|1
37|11|55|87|18|1
38|11|44|49|51|1
39|11|44|49|51|1
0|12|44|49|51|1
1|12|44|49|51|1
2|12|54|85|17|1
3|12|56|88|18|1
4|12|57|90|18|1
5|12|59|94|19|1
6|12|61|96|20|1
7|12|62|99|20|1
8|12|64|102|21|1
9|12|66|104|21|1
10|12|67|107|22|1
11|12|69|109|22|1
12|12|70|111|23|1
13|12|72|114|23|1
14|12|73|116|23|1
15|12|74|117|24|1
16|12|75|119|24|1
17|12|75|120|24|1
18|12|76|121|24|1
19|12|76|121|25|1
20|12|76|121|25|1
21|12|76|121|25|1
22|12|76|121|24|1
23|12|75|120|24|1
24|12|75|119|24|1
25|12|74|117|24|1
26|12|73|116|23|1
27|12|72|114|23|1
28|12|70|111|23|1
29|12|69|109|22|1
30|12|67|107|22|1
31|12|66|104|21|1
32|12|64|102|21|1
33|12|62|99|20|1
34|12|61|96|20|1
35|12|59|94|19|1
36|12|57|90|18|1
37|12|56|88|18|1
38|12|44|49|51|1
39|12|44|49|51|1
0|13|44|49|51|1
1|13|44|49|51|1
2|13|54|86|17|1
3|13|56|89|18|1
4|13|58|92|19|1
5|13|60|95|19|1
6|13|61|97|20|1
7|13|63|101|20|1
8|13|65|103|21|1
9|13|67|106|22|1
10|13|69|109|22|1
11|13|70|111|23|1
12|13|72|114|23|1
13|13|73|116|23|1
14|13|74|117|24|1
15|13|75|120|24|1
16|13|76|121|25|1
17|13|77|122|25|1
18|13|77|123|25|1
19|13|78|123|25|1
20|13|78|124|25|1
21|13|78|123|25|1
22|13|77|123|25|1
23|13|77|122|25|1
24|13|76|121|25|1
25|13|75|120|24|1
26|13|74|117|24|1
27|13|73|116|23|1
28|13|72|114|23|1
29|13|70|111|23|1
30|13|69|109|22|1
31|13|67|106|22|1
32|13|65|103|21|1
33|13|63|101|20|1
34|13|61|97|20|1
35|13|60|95|19|1
36|13|58|92|19|1
37|13|56|89|18|1
38|13|44|49|51|1
39|13|44|49|51|1
0|14|44|49|51|1
1|14|44|49|51|1
2|14|55|88|18|1
3|14|57|90|18|1
4|14|59|93|19|1
5|14|61|96|20|1
6|14|62|99|20|1
7|14|64|102|21|1
8|14|66|105|21|1
9|14|68|108|22|1
10|14|70|110|22|1
11|14|71|113|23|1
12|14|73|116|23|1
13|14|74|117|24|1
14|14|75|120|24|1
15|14|77|122|25|1
16|14|77|123|25|1
17|14|78|124|25|1
18|14|79|126|25|1
19|14|79|126|26|1
20|14|80|127|26|1
21|14|79|126|26|1
22|14|79|126|25|1
23|14|78|124|25|1
24|14|77|123|25|1
25|14|77|122|25|1
26|14|75|120|24|1
27|14|74|117|24|1
28|14|73|116|23|1
29|14|71|113|23|1
30|14|70|110|22|1
31|14|68|108|22|1
32|14|66|105|21|1
33|14|64|102|21|1
34|14|62|99|20|1
35|14|61|96|20|1
36|14|59|93|19|1
37|14|57|90|18|1
38|14|44|49|51|1
39|14|44|49|51|1
0|15|44|49|51|1
1|15|44|49|51|1
2|15|56|88|18|1
3|15|57|91|18|1
4|15|59|94|19|1
5|15|61|97|20|1
6|15|63|100|20|1
7|15|65|103|21|1
8|15|67|106|22|1
9|15|69|109|22|1
10|15|71|112|23|1
11|15|72|115|23|1
12|15|74|117|24|1
13|15|75|120|24|1
14|15|77|122|25|1
15|15|78|123|25|1
16|15|79|126|25|1
17|15|80|127|26|1
18|15|81|128|26|1
19|15|81|128|26|1
20|15|81|129|26|1
21|15|81|128|26|1
22|15|81|128|26|1
23|15|80|127|26|1
24|15|79|126|25|1
25|15|78|123|25|1
26|15|77|122|25|1
27|15|75|120|24|1
28|15|74|117|24|1
29|15|72|115|23|1
30|15|71|112|23|1
31|15|69|109|22|1
32|15|67|106|22|1
33|15|65|103|21|1
34|15|63|100|20|1
35|15|61|97|20|1
36|15|59|94|19|1
37|15|57|91|18|1
38|15|44|49|51|1
39|15|44|49|51|1
0|16|44|49|51|1
1|16|44|49|51|1
2|16|56|89|18|1
3|16|58|92|19|1
4|16|60|95|19|1
5|16|62|98|20|1
6|16|64|101|21|1
7|16|66|104|21|1
8|16|68|107|22|1
9|16|69|110|22|1
10|16|71|113|23|1
11|16|73|116|23|1
12|16|75|119|24|1
13|16|76|121|25|1
14|16|77|123|25|1
15|16|79|126|25|1
16|16|80|127|26|1
17|16|81|129|26|1
18|16|82|130|26|1
19|16|83|131|27|1
20|16|83|131|27|1
21|16|83|131|27|1
22|16|82|130|26|1
23|16|81|129|26|1
24|16|80|127|26|1
25|16|79|126|25|1
26|16|77|123|25|1
27|16|76|121|25|1
28|16|75|119|24|1
29|16|73|116|23|1
30|16|71|113|23|1
31|16|69|110|22|1
32|16|68|107|22|1
33|16|66|104|21|1
34|16|64|101|21|1
35|16|62|98|20|1
36|16|60|95|19|1
37|16|58|92|19|1
38|16|44|49|51|1
39|16|44|49|51|1
0|17|44|49|51|1
1|17|44|49|51|1
2|17|57|90|18|1
3|17|58|93|19|1
4|17|60|96|19|1
5|17|62|99|20|1
6|17|64|102|21|1
7|17|66|105|21|1
8|17|68|108|22|1
9|17|70|111|23|1
10|17|72|114|23|1
11|17|74|117|24|1
12|17|75|120|24|1
13|17|77|122|25|1
14|17|78|124|25|1
15|17|80|127|26|1
16|17|81|129|26|1
17|17|82|130|26|1
18|17|83|132|27|1
19|17|84|133|27|1
20|17|84|133|27|1
21|17|84|133|27|1
22|17|83|132|27|1
23|17|82|130|26|1
24|17|81|129|26|1
25|17|80|127|26|1
26|17|78|124|25|1
27|17|77|122|25|1
28|17|75|120|24|1
29|17|74|117|24|1
30|17|72|114|23|1
31|17|70|111|23|1
32|17|68|108|22|1
33|17|66|105|21|1
34|17|64|102|21|1
35|17|62|99|20|1
36|17|60|96|19|1
37|17|58|93|19|1
38|17|44|49|51|1
39|17|44|49|51|1
0|18|44|49|51|1
1|18|44|49|51|1
2|18|57|90|18|1
3|18|59|93|19|1
4|18|61|96|20|1
5|18|63|100|20|1
6|18|65|103|21|1
7|18|67|106|21|1
8|18|69|109|22|1
9|18|71|112|23|1
10|18|73|115|23|1
11|18|74|117|24|1
12|18|76|121|24|1
13|18|77|123|25|1
14|18|79|126|25|1
15|18|81|128|26|1
16|18|82|130|26|1
17|18|83|132|27|1
18|18|84|134|27|1
19|18|85|135|27|1
20|18|85|135|27|1
21|18|85|135|27|1
22|18|84|134|27|1
23|18|83|132|27|1
24|18|82|130|26|1
25|18|81|128|26|1
26|18|79|126|25|1
27|18|77|123|25|1
28|18|76|121|24|1
29|18|74|117|24|1
30|18|73|115|23|1
31|18|71|112|23|1
32|18|69|109|22|1
33|18|67|106|21|1
34|18|65|103|21|1
35|18|63|100|20|1
36|18|61|96|20|1
37|18|59|93|19|1
38|18|44|49|51|1
39|18|44|49|51|1
0|19|44|49|51|1
1|19|44|49|51|1
2|19|57|90|18|1
3|19|59|94|19|1
4|19|61|97|20|1
5|19|63|100|20|1
6|19|65|103|21|1
7|19|67|106|22|1
8|19|69|109|22|1
9|19|71|112|23|1
10|19|73|115|23|1
11|19|74|118|24|1
12|19|76|121|25|1
13|19|78|123|25|1
14|19|79|126|26|1
15|19|81|128|26|1
16|19|83|131|27|1
17|19|84|133|27|1
18|19|85|135|27|1
19|19|86|136|28|1
20|19|86|136|28|1
21|19|86|136|28|1
22|19|85|135|27|1
23|19|84|133|27|1
24|19|83|131|27|1
25|19|81|128|26|1
26|19|79|126|26|1
27|19|78|123|25|1
28|19|76|121|25|1
29|19|74|118|24|1
30|19|73|115|23|1
31|19|71|112|23|1
32|19|69|109|22|1
33|19|67|106|22|1
34|19|65|103|21|1
35|19|63|100|20|1
36|19|61|97|20|1
37|19|59|94|19|1
38|19|44|49|51|1
39|19|44|49|51|1
0|20|44|49|51|1
1|20|44|49|51|1
2|20|57|90|18|1
3|20|59|94|19|1
4|20|61|97|20|1
5|20|63|100|20|1
6|20|65|103|21|1
7|20|67|106|22|1
8|20|69|109|22|1
9|20|71|113|23|1
10|20|73|116|23|1
11|20|75|119|24|1
12|20|76|121|25|1
13|20|78|124|25|1
14|20|80|127|26|1
15|20|81|129|26|1
16|20|83|131|27|1
17|20|84|133|27|1
18|20|85|135|27|1
19|20|86|136|28|1
20|20|87|138|28|1
21|20|86|136|28|1
22|20|85|135|27|1
23|20|84|133|27|1
24|20|83|131|27|1
25|20|81|129|26|1
26|20|80|127|26|1
27|20|78|124|25|1
28|20|76|121|25|1
29|20|75|119|24|1
30|20|73|116|23|1
31|20|71|113|23|1
32|20|69|109|22|1
33|20|67|106|22|1
34|20|65|103|21|1
35|20|63|100|20|1
36|20|61|97|20|1
37|20|59|94|19|1
38|20|44|49|51|1
39|20|44|49|51|1
0|21|44|49|51|1
1|21|44|49|51|1
2|21|57|90|18|1
3|21|59|94|19|1
4|21|61|97|20|1
5|21|63|100|20|1
6|21|65|103|21|1
7|21|67|106|22|1
8|21|69|109|22|1
9|21|71|112|23|1
10|21|73|115|23|1
11|21|74|118|24|1
12|21|76|121|25|1
13|21|78|123|25|1
14|21|79|126|26|1
15|21|81|128|26|1
16|21|83|131|27|1
17|21|84|133|27|1
18|21|85|135|27|1
19|21|86|136|28|1
20|21|86|136|28|1
21|21|86|136|28|1
22|21|85|135|27|1
23|21|84|133|27|1
24|21|83|131|27|1
25|21|81|128|26|1
26|21|79|126|26|1
27|21|78|123|25|1
28|21|76|121|25|1
29|21|74|118|24|1
30|21|73|115|23|1
31|21|71|112|23|1
32|21|69|109|22|1
33|21|67|106|22|1
34|21|65|103|21|1
35|21|63|100|20|1
36|21|61|97|20|1
37|21|59|94|19|1
38|21|44|49|51|1
39|21|44|49|51|1
0|22|44|49|51|1
1|22|44|49|51|1
2|22|57|90|18|1
3|22|59|93|19|1
4|22|61|96|20|1
5|22|63|100|20|1
6|22|65|103|21|1
7|22|67|106|21|1
8|22|69|109|22|1
9|22|71|112|23|1
10|22|73|115|23|1
11|22|74|117|24|1
12|22|76|121|24|1
13|22|77|123|25|1
14|22|79|126|25|1
15|22|81|128|26|1
16|22|82|130|26|1
17|22|83|132|27|1
18|22|84|134|27|1
19|22|85|135|27|1
20|22|85|135|27|1
21|22|85|135|27|1
22|22|84|134|27|1
23|22|83|132|27|1
24|22|82|130|26|1
25|22|81|128|26|1
26|22|79|126|25|1
27|22|77|123|25|1
28|22|76|121|24|1
29|22|74|117|24|1
30|22|73|115|23|1
31|22|71|112|23|1
32|22|69|109|22|1
33|22|67|106|21|1
34|22|65|103|21|1
35|22|63|100|20|1
36|22|61|96|20|1
37|22|59|93|19|1
38|22|44|49|51|1
39|22|44|49|51|1
0|23|44|49|51|1
1|23|44|49|51|1
2|23|57|90|18|1
3|23|58|93|19|1
4|23|60|96|19|1
5|23|62|99|20|1
6|23|64|102|21|1
7|23|66|105|21|1
8|23|68|108|22|1
9|23|70|111|23|1
10|23|72|114|23|1
11|23|74|117|24|1
12|23|75|120|24|1
13|23|77|122|25|1
14|23|78|124|25|1
15|23|80|127|26|1
16|23|81|129|26|1
17|23|82|130|26|1
18|23|83|132|27|1
19|23|84|133|27|1
20|23|84|133|27|1
21|23|84|133|27|1
22|23|83|132|27|1
23|23|82|130|26|1
24|23|81|129|26|1
25|23|80|127|26|1
26|23|78|124|25|1
27|23|77|122|25|1
28|23|75|120|24|1
29|23|74|117|24|1
30|23|72|114|23|1
31|23|70|111|23|1
32|23|68|108|22|1
33|23|66|105|21|1
34|23|64|102|21|1
35|23|62|99|20|1
36|23|60|96|19|1
37|23|58|93|19|1
38|23|44|49|51|1
39|23|44|49|51|1
0|24|44|49|51|1
1|24|44|49|51|1
2|24|56|89|18|1
3|24|58|92|19|1
4|24|60|95|19|1
5|24|62|98|20|1
6|24|64|101|21|1
7|24|66|104|21|1
8|24|68|107|22|1
9|24|69|110|22|1
10|24|71|113|23|1
11|24|73|116|23|1
12|24|75|119|24|1
13|24|76|121|25|1
14|24|77|123|25|1
15|24|79|126|25|1
16|24|80|127|26|1
17|24|81|129|26|1
18|24|82|130|26|1
19|24|83|131|27|1
20|24|83|131|27|1
21|24|83|131|27|1
22|24|82|130|26|1
23|24|81|129|26|1
24|24|80|127|26|1
25|24|79|126|25|1
26|24|77|123|25|1
27|24|76|121|25|1
28|24|75|119|24|1
29|24|73|116|23|1
30|24|71|113|23|1
31|24|69|110|22|1
32|24|68|107|22|1
33|24|66|104|21|1
34|24|64|101|21|1
35|24|62|98|20|1
36|24|60|95|19|1
37|24|58|92|19|1
38|24|44|49|51|1
39|24|44|49|51|1
0|25|44|49|51|1
1|25|44|49|51|1
2|25|56|88|18|1
3|25|57|91|18|1
4|25|59|94|19|1
5|25|61|97|20|1
6|25|63|100|20|1
7|25|65|103|21|1
8|25|67|106|22|1
9|25|69|109|22|1
10|25|71|112|23|1
11|25|72|115|23|1
12|25|74|117|24|1
13|25|75|120|24|1
14|25|77|122|25|1
15|25|78|123|25|1
16|25|79|126|25|1
17|25|80|127|26|1
18|25|81|128|26|1
19|25|81|128|26|1
20|25|81|129|26|1
21|25|81|128|26|1
22|25|81|128|26|1
23|25|80|127|26|1
24|25|79|126|25|1
25|25|78|123|25|1
26|25|77|122|25|1
27|25|75|120|24|1
28|25|74|117|24|1
29|25|72|115|23|1
30|25|71|112|23|1
31|25|69|109|22|1
32|25|67|106|22|1
33|25|65|103|21|1
34|25|63|100|20|1
35|25|61|97|20|1
36|25|59|94|19|1
37|25|57|91|18|1
38|25|44|49|51|1
39|25|44|49|51|1
0|26|44|49|51|1
1|26|44|49|51|1
2|26|55|88|18|1
3|26|57|90|18|1
4|26|59|93|19|1
5|26|61|96|20|1
6|26|62|99|20|1
7|26|64|102|21|1
8|26|66|105|21|1
9|26|68|108|22|1
10|26|70|110|22|1
11|26|71|113|23|1
12|26|73|116|23|1
13|26|74|117|24|1
14|26|75|120|24|1
15|26|77|122|25|1
16|26|77|123|25|1
17|26|78|124|25|1
18|26|79|126|25|1
19|26|79|126|26|1
20|26|80|127|26|1
21|26|79|126|26|1
22|26|79|126|25|1
23|26|78|124|25|1
24|26|77|123|25|1
25|26|77|122|25|1
26|26|75|120|24|1
27|26|74|117|24|1
28|26|73|116|23|1
29|26|71|113|23|1
30|26|70|110|22|1
31|26|68|108|22|1
32|26|66|105|21|1
33|26|64|102|21|1
34|26|62|99|20|1
35|26|61|96|20|1
36|26|59|93|19|1
37|26|57|90|18|1
38|26|44|49|51|1
39|26|44|49|51|1
0|27|44|49|51|1
1|27|44|49|51|1
2|27|54|86|17|1
3|27|56|89|18|1
4|27|58|92|19|1
5|27|60|95|19|1
6|27|61|97|20|1
7|27|63|101|20|1
8|27|65|103|21|1
9|27|67|106|22|1
10|27|69|109|22|1
11|27|70|111|23|1
12|27|72|114|23|1
13|27|73|116|23|1
14|27|74|117|24|1
15|27|75|120|24|1
16|27|76|121|25|1
17|27|77|122|25|1
18|27|77|123|25|1
19|27|78|123|25|1
20|27|78|124|25|1
21|27|78|123|25|1
22|27|77|123|25|1
23|27|77|122|25|1
24|27|76|121|25|1
25|27|75|120|24|1
26|27|74|117|24|1
27|27|73|116|23|1
28|27|72|114|23|1
29|27|70|111|23|1
30|27|69|109|22|1
31|27|67|106|22|1
32|27|65|103|21|1
33|27|63|101|20|1
34|27|61|97|20|1
35|27|60|95|19|1
36|27|58|92|19|1
37|27|56|89|18|1
38|27|44|49|51|1
39|27|44|49|51|1
0|28|44|49|51|1
1|28|44|49|51|1
2|28|54|85|17|1
3|28|56|88|18|1
4|28|57|90|18|1
5|28|59|94|19|1
6|28|61|96|20|1
7|28|62|99|20|1
8|28|64|102|21|1
9|28|66|104|21|1
10|28|67|107|22|1
11|28|69|109|22|1
12|28|70|111|23|1
13|28|72|114|23|1
14|28|73|116|23|1
15|28|74|117|24|1
16|28|75|119|24|1
17|28|75|120|24|1
18|28|76|121|24|1
19|28|76|121|25|1
20|28|76|121|25|1
21|28|76|121|25|1
22|28|76|121|24|1
23|28|75|120|24|1
24|28|75|119|24|1
25|28|74|117|24|1
26|28|73|116|23|1
27|28|72|114|23|1
28|28|70|111|23|1
29|28|69|109|22|1
30|28|67|107|22|1
31|28|66|104|21|1
32|28|64|102|21|1
33|28|62|99|20|1
34|28|61|96|20|1
35|28|59|94|19|1
36|28|57|90|18|1
37|28|56|88|18|1
38|28|44|49|51|1
39|28|44|49|51|1
0|29|44|49|51|1
1|29|44|49|51|1
2|29|53|84|17|1
3|29|55|87|18|1
4|29|56|89|18|1
5|29|58|92|19|1
6|29|60|95|19|1
7|29|61|97|20|1
8|29|63|100|20|1
9|29|65|103|21|1
10|29|66|104|21|1
11|29|68|107|22|1
12|29|69|109|22|1
13|29|70|111|23|1
14|29|71|113|23|1
15|29|72|115|23|1
16|29|73|116|23|1
17|29|74|117|24|1
18|29|74|117|24|1
19|29|74|118|24|1
20|29|75|119|24|1
21|29|74|118|24|1
22|29|74|117|24|1
23|29|74|117|24|1
24|29|73|116|23|1
25|29|72|115|23|1
26|29|71|113|23|1
27|29|70|111|23|1
28|29|69|109|22|1
29|29|68|107|22|1
30|29|66|104|21|1
31|29|65|103|21|1
32|29|63|100|20|1
33|29|61|97|20|1
34|29|60|95|19|1
35|29|58|92|19|1
36|29|56|89|18|1
37|29|55|87|18|1
38|29|44|49|51|1
39|29|44|49|51|1
0|30|44|49|51|1
1|30|44|49|51|1
2|30|52|83|17|1
3|30|54|85|17|1
4|30|55|88|18|1
5|30|57|90|18|1
6|30|59|93|19|1
7|30|60|96|19|1
8|30|62|98|20|1
9|30|63|100|20|1
10|30|65|103|21|1
11|30|66|104|21|1
12|30|67|107|22|1
13|30|69|109|22|1
14|30|70|110|22|1
15|30|71|112|23|1
16|30|71|113|23|1
17|30|72|114|23|1
18|30|73|115|23|1
19|30|73|115|23|1
20|30|73|116|23|1
21|30|73|115|23|1
22|30|73|115|23|1
23|30|72|114|23|1
24|30|71|113|23|1
25|30|71|112|23|1
26|30|70|110|22|1
27|30|69|109|22|1
28|30|67|107|22|1
29|30|66|104|21|1
30|30|65|103|21|1
31|30|63|100|20|1
32|30|62|98|20|1
33|30|60|96|19|1
34|30|59|93|19|1
35|30|57|90|18|1
36|30|55|88|18|1
37|30|54|85|17|1
38|30|44|49|51|1
39|30|44|49|51|1
0|31|44|49|51|1
1|31|44|49|51|1
2|31|51|81|16|1
3|31|53|84|17|1
4|31|54|86|17|1
5|31|56|89|18|1
6|31|57|91|18|1
7|31|59|94|19|1
8|31|60|96|19|1
9|31|62|98|20|1
10|31|63|100|20|1
11|31|65|103|21|1
12|31|66|104|21|1
13|31|67|106|22|1
14|31|68|108|22|1
15|31|69|109|22|1
16|31|69|110|22|1
17|31|70|111|23|1
18|31|71|112|23|1
19|31|71|112|23|1
20|31|71|113|23|1
21|31|71|112|23|1
22|31|71|112|23|1
23|31|70|111|23|1
24|31|69|110|22|1
25|31|69|109|22|1
26|31|68|108|22|1
27|31|67|106|22|1
28|31|66|104|21|1
29|31|65|103|21|1
30|31|63|100|20|1
31|31|62|98|20|1
32|31|60|96|19|1
33|31|59|94|19|1
34|31|57|91|18|1
35|31|56|89|18|1
36|31|54|86|17|1
37|31|53|84|17|1
38|31|44|49|51|1
39|31|44|49|51|1
0|32|44|49|51|1
1|32|44|49|51|1
2|32|50|80|16|1
3|32|52|82|17|1
4|32|53|84|17|1
5|32|55|87|18|1
6|32|56|89|18|1
7|32|57|91|18|1
8|32|59|94|19|1
9|32|60|96|19|1
10|32|62|98|20|1
11|32|63|100|20|1
12|32|64|102|21|1
13|32|65|103|21|1
14|32|66|105|21|1
15|32|67|106|22|1
16|32|68|107|22|1
17|32|68|108|22|1
18|32|69|109|22|1
19|32|69|109|22|1
20|32|69|109|22|1
21|32|69|109|22|1
22|32|69|109|22|1
23|32|68|108|22|1
24|32|68|107|22|1
25|32|67|106|22|1
26|32|66|105|21|1
27|32|65|103|21|1
28|32|64|102|21|1
29|32|63|100|20|1
30|32|62|98|20|1
31|32|60|96|19|1
32|32|59|94|19|1
33|32|57|91|18|1
34|32|56|89|18|1
35|32|55|87|18|1
36|32|53|84|17|1
37|32|52|82|17|1
38|32|44|49|51|1
39|32|44|49|51|1
0|33|44|49|51|1
1|33|44|49|51|1
2|33|49|78|16|1
3|33|50|80|16|1
4|33|52|83|17|1
5|33|53|84|17|1
6|33|55|87|18|1
7|33|56|89|18|1
8|33|57|91|18|1
9|33|59|94|19|1
10|33|60|96|19|1
11|33|61|97|20|1
12|33|62|99|20|1
13|33|63|101|20|1
14|33|64|102|21|1
15|33|65|103|21|1
16|33|66|104|21|1
17|33|66|105|21|1
18|33|67|106|21|1
19|33|67|106|22|1
20|33|67|106|22|1
21|33|67|106|22|1
22|33|67|106|21|1
23|33|66|105|21|1
24|33|66|104|21|1
25|33|65|103|21|1
26|33|64|102|21|1
27|33|63|101|20|1
28|33|62|99|20|1
29|33|61|97|20|1
30|33|60|96|19|1
31|33|59|94|19|1
32|33|57|91|18|1
33|33|56|89|18|1
34|33|55|87|18|1
35|33|53|84|17|1
36|33|52|83|17|1
37|33|50|80|16|1
38|33|44|49|51|1
39|33|44|49|51|1
0|34|44|49|51|1
1|34|44|49|51|1
2|34|48|76|15|1
3|34|49|78|16|1
4|34|51|81|16|1
5|34|52|83|17|1
6|34|54|85|17|1
7|34|55|87|18|1
8|34|56|89|18|1
9|34|57|91|18|1
10|34|59|93|19|1
11|34|60|95|19|1
12|34|61|96|20|1
13|34|61|97|20|1
14|34|62|99|20|1
15|34|63|100|20|1
16|34|64|101|21|1
17|34|64|102|21|1
18|34|65|103|21|1
19|34|65|103|21|1
20|34|65|103|21|1
21|34|65|103|21|1
22|34|65|103|21|1
23|34|64|102|21|1
24|34|64|101|21|1
25|34|63|100|20|1
26|34|62|99|20|1
27|34|61|97|20|1
28|34|61|96|20|1
29|34|60|95|19|1
30|34|59|93|19|1
31|34|57|91|18|1
32|34|56|89|18|1
33|34|55|87|18|1
34|34|54|85|17|1
35|34|52|83|17|1
36|34|51|81|16|1
37|34|49|78|16|1
38|34|44|49|51|1
39|34|44|49|51|1
0|35|44|49|51|1
1|35|44|49|51|1
2|35|47|75|15|1
3|35|48|77|16|1
4|35|49|78|16|1
5|35|51|81|16|1
6|35|52|83|17|1
7|35|53|84|17|1
8|35|55|87|18|1
9|35|56|89|18|1
10|35|57|90|18|1
11|35|58|92|19|1
12|35|59|94|19|1
13|35|60|95|19|1
14|35|61|96|20|1
15|35|61|97|20|1
16|35|62|98|20|1
17|35|62|99|20|1
18|35|63|100|20|1
19|35|63|100|20|1
20|35|63|100|20|1
21|35|63|100|20|1
22|35|63|100|20|1
23|35|62|99|20|1
24|35|62|98|20|1
25|35|61|97|20|1
26|35|61|96|20|1
27|35|60|95|19|1
28|35|59|94|19|1
29|35|58|92|19|1
30|35|57|90|18|1
31|35|56|89|18|1
32|35|55|87|18|1
33|35|53|84|17|1
34|35|52|83|17|1
35|35|51|81|16|1
36|35|49|78|16|1
37|35|48|77|16|1
38|35|44|49|51|1
39|35|44|49|51|1
0|36|44|49|51|1
1|36|44|49|51|1
2|36|46|73|15|1
3|36|47|75|15|1
4|36|48|77|16|1
5|36|49|78|16|1
6|36|51|81|16|1
7|36|52|83|17|1
8|36|53|84|17|1
9|36|54|86|17|1
10|36|55|88|18|1
11|36|56|89|18|1
12|36|57|90|18|1
13|36|58|92|19|1
14|36|59|93|19|1
15|36|59|94|19|1
16|36|60|95|19|1
17|36|60|96|19|1
18|36|61|96|20|1
19|36|61|97|20|1
20|36|61|97|20|1
21|36|61|97|20|1
22|36|61|96|20|1
23|36|60|96|19|1
24|36|60|95|19|1
25|36|59|94|19|1
26|36|59|93|19|1
27|36|58|92|19|1
28|36|57|90|18|1
29|36|56|89|18|1
30|36|55|88|18|1
31|36|54|86|17|1
32|36|53|84|17|1
33|36|52|83|17|1
34|36|51|81|16|1
35|36|49|78|16|1
36|36|48|77|16|1
37|36|47|75|15|1
38|36|44|49|51|1
39|36|44|49|51|1
0|37|44|49|51|1
1|37|44|49|51|1
2|37|45|71|14|1
3|37|46|73|15|1
4|37|47|75|15|1
5|37|48|77|16|1
6|37|49|78|16|1
7|37|50|80|16|1
8|37|52|82|17|1
9|37|53|84|17|1
10|37|54|85|17|1
11|37|55|87|18|1
12|37|56|88|18|1
13|37|56|89|18|1
14|37|57|90|18|1
15|37|57|91|18|1
16|37|58|92|19|1
17|37|58|93|19|1
18|37|59|93|19|1
19|37|59|94|19|1
20|37|59|94|19|1
21|37|59|94|19|1
22|37|59|93|19|1
23|37|58|93|19|1
24|37|58|92|19|1
25|37|57|91|18|1
26|37|57|90|18|1
27|37|56|89|18|1
28|37|56|88|18|1
29|37|55|87|18|1
30|37|54|85|17|1
31|37|53|84|17|1
32|37|52|82|17|1
33|37|50|80|16|1
34|37|49|78|16|1
35|37|48|77|16|1
36|37|47|75|15|1
37|37|46|73|15|1
38|37|44|49|51|1
39|37|44|49|51|1
0|38|44|49|51|1
1|38|44|49|51|1
2|38|44|49|51|1
3|38|44|49|51|1
4|38|44|49|51|1
5|38|44|49|51|1
6|38|44|49|51|1
7|38|44|49|51|1
8|38|44|49|51|1
9|38|44|49|51|1
10|38|44|49|51|1
11|38|44|49|51|1
12|38|44|49|51|1
13|38|44|49|51|1
14|38|44|49|51|1
15|38|44|49|51|1
16|38|44|49|51|1
17|38|44|49|51|1
18|38|44|49|51|1
19|38|44|49|51|1
20|38|44|49|51|1
21|38|44|49|51|1
22|38|44|49|51|1
23|38|44|49|51|1
24|38|44|49|51|1
25|38|44|49|51|1
26|38|44|49|51|1
27|38|44|49|51|1
28|38|44|49|51|1
29|38|44|49|51|1
30|38|44|49|51|1
31|38|44|49|51|1
32|38|44|49|51|1
33|38|44|49|51|1
34|38|44|49|51|1
35|38|44|49|51|1
36|38|44|49|51|1
37|38|44|49|51|1
38|38|44|49|51|1
39|38|44|49|51|1
0|39|44|49|51|1
1|39|44|49|51|1
2|39|44|49|51|1
3|39|44|49|51|1
4|39|44|49|51|1
5|39|44|49|51|1
6|39|44|49|51|1
7|39|44|49|51|1
8|39|44|49|51|1
9|39|44|49|51|1
10|39|44|49|51|1
11|39|44|49|51|1
12|39|44|49|51|1
13|39|44|49|51|1
14|39|44|49|51|1
15|39|44|49|51|1
16|39|44|49|51|1
17|39|44|49|51|1
18|39|44|49|51|1
19|39|44|49|51|1
20|39|44|49|51|1
21|39|44|49|51|1
22|39|44|49|51|1
23|39|44|49|51|1
24|39|44|49|51|1
25|39|44|49|51|1
26|39|44|49|51|1
27|39|44|49|51|1
28|39|44|49|51|1
29|39|44|49|51|1
30|39|44|49|51|1
31|39|44|49|51|1
32|39|44|49|51|1
33|39|44|49|51|1
34|39|44|49|51|1
35|39|44|49|51|1
36|39|44|49|51|1
37|39|44|49|51|1
38|39|44|49|51|1
39|39|44|49|51|1