0|0|44|49|51|1
1|0|44|49|51|1
2|0|44|49|51|1
3|0|44|49|51|1
4|0|44|49|51|1
5|0|44|49|51|1
6|0|44|49|51|1
7|0|44|49|51|1
8|0|44|49|51|1
9|0|44|49|51|1
10|0|44|49|51|1
11|0|44|49|51|1
12|0|44|49|51|1
13|0|44|49|51|1
14|0|44|49|51|1
15|0|44|49|51|1
16|0|44|49|51|1
17|0|44|49|51|1
18|0|44|49|51|1
19|0|44|49|51|1
20|0|44|49|51|1
21|0|44|49|51|1
22|0|44|49|51|1
23|0|44|49|51|1
24|0|44|49|51|1
25|0|44|49|51|1
26|0|44|49|51|1
27|0|44|49|51|1
28|0|44|49|51|1
29|0|44|49|51|1
30|0|44|49|51|1
31|0|44|49|51|1
32|0|44|49|51|1
33|0|44|49|51|1
34|0|44|49|51|1
35|0|44|49|51|1
36|0|44|49|51|1
37|0|44|49|51|1
38|0|44|49|51|1
39|0|44|49|51|1
0|1|44|49|51|1
1|1|44|49|51|1
2|1|44|49|51|1
3|1|44|49|51|1
4|1|44|49|51|1
5|1|44|49|51|1
6|1|44|49|51|1
7|1|44|49|51|1
8|1|44|49|51|1
9|1|44|49|51|1
10|1|44|49|51|1
11|1|44|49|51|1
12|1|44|49|51|1
13|1|44|49|51|1
14|1|44|49|51|1
15|1|44|49|51|1
16|1|44|49|51|1
17|1|44|49|51|1
18|1|44|49|51|1
19|1|44|49|51|1
20|1|44|49|51|1
21|1|44|49|51|1
22|1|44|49|51|1
23|1|44|49|51|1
24|1|44|49|51|1
25|1|44|49|51|1
26|1|44|49|51|1
27|1|44|49|51|1
28|1|44|49|51|1
29|1|44|49|51|1
30|1|44|49|51|1
31|1|44|49|51|1
32|1|44|49|51|1
33|1|44|49|51|1
34|1|44|49|51|1
35|1|44|49|51|1
36|1|44|49|51|1
37|1|44|49|51|1
38|1|44|49|51|1
39|1|44|49|51|1
0|2|44|49|51|1
1|2|44|49|51|1
2|2|29|29|29|1
3|2|30|30|30|1
4|2|30|30|30|1
5|2|31|31|31|1
6|2|32|32|32|1
7|2|32|32|32|1
8|2|33|33|33|1
9|2|34|34|34|1
10|2|34|34|34|1
11|2|35|35|35|1
12|2|35|35|35|1
13|2|36|36|36|1
14|2|36|36|36|1
15|2|36|36|36|1
16|2|37|37|37|1
17|2|37|37|37|1
18|2|37|37|37|1
19|2|37|37|37|1
20|2|37|37|37|1
21|2|37|37|37|1
22|2|37|37|37|1
23|2|37|37|37|1
24|2|37|37|37|1
25|2|36|36|36|1
26|2|36|36|36|1
27|2|36|36|36|1
28|2|35|35|35|1
29|2|35|35|35|1
30|2|34|34|34|1
31|2|34|34|34|1
32|2|33|33|33|1
33|2|32|32|32|1
34|2|32|32|32|1
35|2|31|31|31|1
36|2|30|30|30|1
37|2|30|30|30|1
38|2|44|49|51|1
39|2|44|49|51|1
0|3|44|49|51|1
1|3|44|49|51|1
2|3|30|30|30|1
3|3|30|30|30|1
4|3|31|31|31|1
5|3|32|32|32|1
6|3|32|32|32|1
7|3|33|33|33|1
8|3|34|34|34|1
9|3|35|35|35|1
10|3|35|35|35|1
11|3|36|36|36|1
12|3|36|36|36|1
13|3|37|37|37|1
14|3|37|37|37|1
15|3|38|38|38|1
16|3|38|38|38|1
17|3|38|38|38|1
18|3|38|38|38|1
19|3|39|39|39|1
20|3|39|39|39|1
21|3|39|39|39|1
22|3|38|38|38|1
23|3|38|38|38|1
24|3|38|38|38|1
25|3|38|38|38|1
26|3|37|37|37|1
27|3|37|37|37|1
28|3|36|36|36|1
29|3|36|36|36|1
30|3|35|35|35|1
31|3|35|35|35|1
32|3|34|34|34|1
33|3|33|33|33|1
34|3|32|32|32|1
35|3|32|32|32|1
36|3|31|31|31|1
37|3|30|30|30|1
38|3|44|49|51|1
39|3|44|49|51|1
0|4|44|49|51|1
1|4|44|49|51|1
2|4|30|30|30|1
3|4|31|31|31|1
4|4|32|32|32|1
5|4|32|32|32|1
6|4|33|33|33|1
7|4|34|34|34|1
8|4|35|35|35|1
9|4|36|36|36|1
10|4|36|36|36|1
11|4|37|37|37|1
12|4|37|37|37|1
13|4|38|38|38|1
14|4|38|38|38|1
15|4|39|39|39|1
16|4|39|39|39|1
17|4|40|40|40|1
18|4|40|40|40|1
19|4|40|40|40|1
20|4|40|40|40|1
21|4|40|40|40|1
22|4|40|40|40|1
23|4|40|40|40|1
24|4|39|39|39|1
25|4|39|39|39|1
26|4|38|38|38|1
27|4|38|38|38|1
28|4|37|37|37|1
29|4|37|37|37|1
30|4|36|36|36|1
31|4|36|36|36|1
32|4|35|35|35|1
33|4|34|34|34|1
34|4|33|33|33|1
35|4|32|32|32|1
36|4|32|32|32|1
37|4|31|31|31|1
38|4|44|49|51|1
39|4|44|49|51|1
0|5|44|49|51|1
1|5|44|49|51|1
2|5|31|31|31|1
3|5|32|32|32|1
4|5|32|32|32|1
5|5|33|33|33|1
6|5|34|34|34|1
7|5|35|35|35|1
8|5|36|36|36|1
9|5|37|37|37|1
10|5|37|37|37|1
11|5|38|38|38|1
12|5|39|39|39|1
13|5|39|39|39|1
14|5|40|40|40|1
15|5|40|40|40|1
16|5|40|40|40|1
17|5|41|41|41|1
18|5|41|41|41|1
19|5|41|41|41|1
20|5|41|41|41|1
21|5|41|41|41|1
22|5|41|41|41|1
23|5|41|41|41|1
24|5|40|40|40|1
25|5|40|40|40|1
26|5|40|40|40|1
27|5|39|39|39|1
28|5|39|39|39|1
29|5|38|38|38|1
30|5|37|37|37|1
31|5|37|37|37|1
32|5|36|36|36|1
33|5|35|35|35|1
34|5|34|34|34|1
35|5|33|33|33|1
36|5|32|32|32|1
37|5|32|32|32|1
38|5|44|49|51|1
39|5|44|49|51|1
0|6|44|49|51|1
1|6|44|49|51|1
2|6|32|32|32|1
3|6|32|32|32|1
4|6|33|33|33|1
5|6|34|34|34|1
6|6|35|35|35|1
7|6|36|36|36|1
8|6|37|37|37|1
9|6|38|38|38|1
10|6|38|38|38|1
11|6|39|39|39|1
12|6|40|40|40|1
13|6|40|40|40|1
14|6|41|41|41|1
15|6|41|41|41|1
16|6|42|42|42|1
17|6|42|42|42|1
18|6|42|42|42|1
19|6|42|42|42|1
20|6|42|42|42|1
21|6|42|42|42|1
22|6|42|42|42|1
23|6|42|42|42|1
24|6|42|42|42|1
25|6|41|41|41|1
26|6|41|41|41|1
27|6|40|40|40|1
28|6|40|40|40|1
29|6|39|39|39|1
30|6|38|38|38|1
31|6|38|38|38|1
32|6|37|37|37|1
33|6|36|36|36|1
34|6|35|35|35|1
35|6|34|34|34|1
36|6|33|33|33|1
37|6|32|32|32|1
38|6|44|49|51|1
39|6|44|49|51|1
0|7|44|49|51|1
1|7|44|49|51|1
2|7|32|32|32|1
3|7|33|33|33|1
4|7|34|34|34|1
5|7|35|35|35|1
6|7|36|36|36|1
7|7|37|37|37|1
8|7|38|38|38|1
9|7|39|39|39|1
10|7|40|40|40|1
11|7|40|40|40|1
12|7|41|41|41|1
13|7|42|42|42|1
14|7|42|42|42|1
15|7|42|42|42|1
16|7|43|43|43|1
17|7|43|43|43|1
18|7|44|44|44|1
19|7|44|44|44|1
20|7|44|44|44|1
21|7|44|44|44|1
22|7|44|44|44|1
23|7|43|43|43|1
24|7|43|43|43|1
25|7|42|42|42|1
26|7|42|42|42|1
27|7|42|42|42|1
28|7|41|41|41|1
29|7|40|40|40|1
30|7|40|40|40|1
31|7|39|39|39|1
32|7|38|38|38|1
33|7|37|37|37|1
34|7|36|36|36|1
35|7|35|35|35|1
36|7|34|34|34|1
37|7|33|33|33|1
38|7|44|49|51|1
39|7|44|49|51|1
0|8|44|49|51|1
1|8|44|49|51|1
2|8|33|33|33|1
3|8|34|34|34|1
4|8|35|35|35|1
5|8|36|36|36|1
6|8|37|37|37|1
7|8|38|38|38|1
8|8|39|39|39|1
9|8|40|40|40|1
10|8|40|40|40|1
11|8|41|41|41|1
12|8|42|42|42|1
13|8|43|43|43|1
14|8|43|43|43|1
15|8|44|44|44|1
16|8|44|44|44|1
17|8|45|45|45|1
18|8|45|45|45|1
19|8|45|45|45|1
20|8|45|45|45|1
21|8|45|45|45|1
22|8|45|45|45|1
23|8|45|45|45|1
24|8|44|44|44|1
25|8|44|44|44|1
26|8|43|43|43|1
27|8|43|43|43|1
28|8|42|42|42|1
29|8|41|41|41|1
30|8|40|40|40|1
31|8|40|40|40|1
32|8|39|39|39|1
33|8|38|38|38|1
34|8|37|37|37|1
35|8|36|36|36|1
36|8|35|35|35|1
37|8|34|34|34|1
38|8|44|49|51|1
39|8|44|49|51|1
0|9|44|49|51|1
1|9|44|49|51|1
2|9|34|34|34|1
3|9|35|35|35|1
4|9|36|36|36|1
5|9|37|37|37|1
6|9|38|38|38|1
7|9|39|39|39|1
8|9|40|40|40|1
9|9|40|40|40|1
10|9|41|41|41|1
11|9|42|42|42|1
12|9|43|43|43|1
13|9|44|44|44|1
14|9|44|44|44|1
15|9|45|45|45|1
16|9|45|45|45|1
17|9|46|46|46|1
18|9|46|46|46|1
19|9|46|46|46|1
20|9|46|46|46|1
21|9|46|46|46|1
22|9|46|46|46|1
23|9|46|46|46|1
24|9|45|45|45|1
25|9|45|45|45|1
26|9|44|44|44|1
27|9|44|44|44|1
28|9|43|43|43|1
29|9|42|42|42|1
30|9|41|41|41|1
31|9|40|40|40|1
32|9|40|40|40|1
33|9|39|39|39|1
34|9|38|38|38|1
35|9|37|37|37|1
36|9|36|36|36|1
37|9|35|35|35|1
38|9|44|49|51|1
39|9|44|49|51|1
0|10|44|49|51|1
1|10|44|49|51|1
2|10|34|34|34|1
3|10|35|35|35|1
4|10|36|36|36|1
5|10|37|37|37|1
6|10|38|38|38|1
7|10|40|40|40|1
8|10|40|40|40|1
9|10|41|41|41|1
10|10|42|42|42|1
11|10|43|43|43|1
12|10|44|44|44|1
13|10|45|45|45|1
14|10|46|46|46|1
15|10|46|46|46|1
16|10|47|47|47|1
17|10|47|47|47|1
18|10|48|48|48|1
19|10|48|48|48|1
20|10|48|48|48|1
21|10|48|48|48|1
22|10|48|48|48|1
23|10|47|47|47|1
24|10|47|47|47|1
25|10|46|46|46|1
26|10|46|46|46|1
27|10|45|45|45|1
28|10|44|44|44|1
29|10|43|43|43|1
30|10|42|42|42|1
31|10|41|41|41|1
32|10|40|40|40|1
33|10|40|40|40|1
34|10|38|38|38|1
35|10|37|37|37|1
36|10|36|36|36|1
37|10|35|35|35|1
38|10|44|49|51|1
39|10|44|49|51|1
0|11|44|49|51|1
1|11|44|49|51|1
2|11|35|35|35|1
3|11|36|36|36|1
4|11|37|37|37|1
5|11|38|38|38|1
6|11|39|39|39|1
7|11|40|40|40|1
8|11|41|41|41|1
9|11|42|42|42|1
10|11|43|43|43|1
11|11|44|44|44|1
12|11|45|45|45|1
13|11|46|46|46|1
14|11|47|47|47|1
15|11|47|47|47|1
16|11|48|48|48|1
17|11|48|48|48|1
18|11|49|49|49|1
19|11|49|49|49|1
20|11|49|49|49|1
21|11|49|49|49|1
22|11|49|49|49|1
23|11|48|48|48|1
24|11|48|48|48|1
25|11|47|47|47|1
26|11|47|47|47|1
27|11|46|46|46|1
28|11|45|45|45|1
29|11|44|44|44|1
30|11|43|43|43|1
31|11|42|42|42|1
32|11|41|41|41|1
33|11|40|40|40|1
34|11|39|39|39|1
35|11|38|38|38|1
36|11|37|37|37|1
37|11|36|36|36|1
38|11|44|49|51|1
39|11|44|49|51|1
0|12|44|49|51|1
1|12|44|49|51|1
2|12|35|35|35|1
3|12|36|36|36|1
4|12|37|37|37|1
5|12|39|39|39|1
6|12|40|40|40|1
7|12|41|41|41|1
8|12|42|42|42|1
9|12|43|43|43|1
10|12|44|44|44|1
11|12|45|45|45|1
12|12|46|46|46|1
13|12|47|47|47|1
14|12|48|48|48|1
15|12|48|48|48|1
16|12|49|49|49|1
17|12|49|49|49|1
18|12|50|50|50|1
19|12|50|50|50|1
20|12|50|50|50|1
21|12|50|50|50|1
22|12|50|50|50|1
23|12|49|49|49|1
24|12|49|49|49|1
25|12|48|48|48|1
26|12|48|48|48|1
27|12|47|47|47|1
28|12|46|46|46|1
29|12|45|45|45|1
30|12|44|44|44|1
31|12|43|43|43|1
32|12|42|42|42|1
33|12|41|41|41|1
34|12|40|40|40|1
35|12|39|39|39|1
36|12|37|37|37|1
37|12|36|36|36|1
38|12|44|49|51|1
39|12|44|49|51|1
0|13|44|49|51|1
1|13|44|49|51|1
2|13|36|36|36|1
3|13|37|37|37|1
4|13|38|38|38|1
5|13|39|39|39|1
6|13|40|40|40|1
7|13|42|42|42|1
8|13|43|43|43|1
9|13|44|44|44|1
10|13|45|45|45|1
11|13|46|46|46|1
12|13|47|47|47|1
13|13|48|48|48|1
14|13|49|49|49|1
15|13|49|49|49|1
16|13|50|50|50|1
17|13|51|51|51|1
18|13|51|51|51|1
19|13|51|51|51|1
20|13|51|51|51|1
21|13|51|51|51|1
22|13|51|51|51|1
23|13|51|51|51|1
24|13|50|50|50|1
25|13|49|49|49|1
26|13|49|49|49|1
27|13|48|48|48|1
28|13|47|47|47|1
29|13|46|46|46|1
30|13|45|45|45|1
31|13|44|44|44|1
32|13|43|43|43|1
33|13|42|42|42|1
34|13|40|40|40|1
35|13|39|39|39|1
36|13|38|38|38|1
37|13|37|37|37|1
38|13|44|49|51|1
39|13|44|49|51|1
0|14|44|49|51|1
1|14|44|49|51|1
2|14|36|36|36|1
3|14|37|37|37|1
4|14|38|38|38|1
5|14|40|40|40|1
6|14|41|41|41|1
7|14|42|42|42|1
8|14|43|43|43|1
9|14|44|44|44|1
10|14|46|46|46|1
11|14|47|47|47|1
12|14|48|48|48|1
13|14|49|49|49|1
14|14|49|49|49|1
15|14|50|50|50|1
16|14|51|51|51|1
17|14|51|51|51|1
18|14|52|52|52|1
19|14|52|52|52|1
20|14|52|52|52|1
21|14|52|52|52|1
22|14|52|52|52|1
23|14|51|51|51|1
24|14|51|51|51|1
25|14|50|50|50|1
26|14|49|49|49|1
27|14|49|49|49|1
28|14|48|48|48|1
29|14|47|47|47|1
30|14|46|46|46|1
31|14|44|44|44|1
32|14|43|43|43|1
33|14|42|42|42|1
34|14|41|41|41|1
35|14|40|40|40|1
36|14|38|38|38|1
37|14|37|37|37|1
38|14|44|49|51|1
39|14|44|49|51|1
0|15|44|49|51|1
1|15|44|49|51|1
2|15|36|36|36|1
3|15|38|38|38|1
4|15|39|39|39|1
5|15|40|40|40|1
6|15|41|41|41|1
7|15|42|42|42|1
8|15|44|44|44|1
9|15|45|45|45|1
10|15|46|46|46|1
11|15|47|47|47|1
12|15|48|48|48|1
13|15|49|49|49|1
14|15|50|50|50|1
15|15|51|51|51|1
16|15|52|52|52|1
17|15|53|53|53|1
18|15|53|53|53|1
19|15|53|53|53|1
20|15|53|53|53|1
21|15|53|53|53|1
22|15|53|53|53|1
23|15|53|53|53|1
24|15|52|52|52|1
25|15|51|51|51|1
26|15|50|50|50|1
27|15|49|49|49|1
28|15|48|48|48|1
29|15|47|47|47|1
30|15|46|46|46|1
31|15|45|45|45|1
32|15|44|44|44|1
33|15|42|42|42|1
34|15|41|41|41|1
35|15|40|40|40|1
36|15|39|39|39|1
37|15|38|38|38|1
38|15|44|49|51|1
39|15|44|49|51|1
0|16|44|49|51|1
1|16|44|49|51|1
2|16|37|37|37|1
3|16|38|38|38|1
4|16|39|39|39|1
5|16|40|40|40|1
6|16|42|42|42|1
7|16|43|43|43|1
8|16|44|44|44|1
9|16|45|45|45|1
10|16|47|47|47|1
11|16|48|48|48|1
12|16|49|49|49|1
13|16|50|50|50|1
14|16|51|51|51|1
15|16|52|52|52|1
16|16|53|53|53|1
17|16|53|53|53|1
18|16|54|54|54|1
19|16|54|54|54|1
20|16|54|54|54|1
21|16|54|54|54|1
22|16|54|54|54|1
23|16|53|53|53|1
24|16|53|53|53|1
25|16|52|52|52|1
26|16|51|51|51|1
27|16|50|50|50|1
28|16|49|49|49|1
29|16|48|48|48|1
30|16|47|47|47|1
31|16|45|45|45|1
32|16|44|44|44|1
33|16|43|43|43|1
34|16|42|42|42|1
35|16|40|40|40|1
36|16|39|39|39|1
37|16|38|38|38|1
38|16|44|49|51|1
39|16|44|49|51|1
0|17|44|49|51|1
1|17|44|49|51|1
2|17|37|37|37|1
3|17|38|38|38|1
4|17|40|40|40|1
5|17|41|41|41|1
6|17|42|42|42|1
7|17|43|43|43|1
8|17|45|45|45|1
9|17|46|46|46|1
10|17|47|47|47|1
11|17|48|48|48|1
12|17|49|49|49|1
13|17|51|51|51|1
14|17|51|51|51|1
15|17|53|53|53|1
16|17|53|53|53|1
17|17|54|54|54|1
18|17|55|55|55|1
19|17|55|55|55|1
20|17|55|55|55|1
21|17|55|55|55|1
22|17|55|55|55|1
23|17|54|54|54|1
24|17|53|53|53|1
25|17|53|53|53|1
26|17|51|51|51|1
27|17|51|51|51|1
28|17|49|49|49|1
29|17|48|48|48|1
30|17|47|47|47|1
31|17|46|46|46|1
32|17|45|45|45|1
33|17|43|43|43|1
34|17|42|42|42|1
35|17|41|41|41|1
36|17|40|40|40|1
37|17|38|38|38|1
38|17|44|49|51|1
39|17|44|49|51|1
0|18|44|49|51|1
1|18|44|49|51|1
2|18|37|37|37|1
3|18|38|38|38|1
4|18|40|40|40|1
5|18|41|41|41|1
6|18|42|42|42|1
7|18|44|44|44|1
8|18|45|45|45|1
9|18|46|46|46|1
10|18|48|48|48|1
11|18|49|49|49|1
12|18|50|50|50|1
13|18|51|51|51|1
14|18|52|52|52|1
15|18|53|53|53|1
16|18|54|54|54|1
17|18|55|55|55|1
18|18|55|55|55|1
19|18|56|56|56|1
20|18|56|56|56|1
21|18|56|56|56|1
22|18|55|55|55|1
23|18|55|55|55|1
24|18|54|54|54|1
25|18|53|53|53|1
26|18|52|52|52|1
27|18|51|51|51|1
28|18|50|50|50|1
29|18|49|49|49|1
30|18|48|48|48|1
31|18|46|46|46|1
32|18|45|45|45|1
33|18|44|44|44|1
34|18|42|42|42|1
35|18|41|41|41|1
36|18|40|40|40|1
37|18|38|38|38|1
38|18|44|49|51|1
39|18|44|49|51|1
0|19|44|49|51|1
1|19|44|49|51|1
2|19|37|37|37|1
3|19|39|39|39|1
4|19|40|40|40|1
5|19|41|41|41|1
6|19|42|42|42|1
7|19|44|44|44|1
8|19|45|45|45|1
9|19|46|46|46|1
10|19|48|48|48|1
11|19|49|49|49|1
12|19|50|50|50|1
13|19|51|51|51|1
14|19|52|52|52|1
15|19|53|53|53|1
16|19|54|54|54|1
17|19|55|55|55|1
18|19|56|56|56|1
19|19|56|56|56|1
20|19|56|56|56|1
21|19|56|56|56|1
22|19|56|56|56|1
23|19|55|55|55|1
24|19|54|54|54|1
25|19|53|53|53|1
26|19|52|52|52|1
27|19|51|51|51|1
28|19|50|50|50|1
29|19|49|49|49|1
30|19|48|48|48|1
31|19|46|46|46|1
32|19|45|45|45|1
33|19|44|44|44|1
34|19|42|42|42|1
35|19|41|41|41|1
36|19|40|40|40|1
37|19|39|39|39|1
38|19|44|49|51|1
39|19|44|49|51|1
0|20|44|49|51|1
1|20|44|49|51|1
2|20|37|37|37|1
3|20|39|39|39|1
4|20|40|40|40|1
5|20|41|41|41|1
6|20|42|42|42|1
7|20|44|44|44|1
8|20|45|45|45|1
9|20|46|46|46|1
10|20|48|48|48|1
11|20|49|49|49|1
12|20|50|50|50|1
13|20|51|51|51|1
14|20|52|52|52|1
15|20|53|53|53|1
16|20|54|54|54|1
17|20|55|55|55|1
18|20|56|56|56|1
19|20|56|56|56|1
20|20|57|57|57|1
21|20|56|56|56|1
22|20|56|56|56|1
23|20|55|55|55|1
24|20|54|54|54|1
25|20|53|53|53|1
26|20|52|52|52|1
27|20|51|51|51|1
28|20|50|50|50|1
29|20|49|49|49|1
30|20|48|48|48|1
31|20|46|46|46|1
32|20|45|45|45|1
33|20|44|44|44|1
34|20|42|42|42|1
35|20|41|41|41|1
36|20|40|40|40|1
37|20|39|39|39|1
38|20|44|49|51|1
39|20|44|49|51|1
0|21|44|49|51|1
1|21|44|49|51|1
2|21|37|37|37|1
3|21|39|39|39|1
4|21|40|40|40|1
5|21|41|41|41|1
6|21|42|42|42|1
7|21|44|44|44|1
8|21|45|45|45|1
9|21|46|46|46|1
10|21|48|48|48|1
11|21|49|49|49|1
12|21|50|50|50|1
13|21|51|51|51|1
14|21|52|52|52|1
15|21|53|53|53|1
16|21|54|54|54|1
17|21|55|55|55|1
18|21|56|56|56|1
19|21|56|56|56|1
20|21|56|56|56|1
21|21|56|56|56|1
22|21|56|56|56|1
23|21|55|55|55|1
24|21|54|54|54|1
25|21|53|53|53|1
26|21|52|52|52|1
27|21|51|51|51|1
28|21|50|50|50|1
29|21|49|49|49|1
30|21|48|48|48|1
31|21|46|46|46|1
32|21|45|45|45|1
33|21|44|44|44|1
34|21|42|42|42|1
35|21|41|41|41|1
36|21|40|40|40|1
37|21|39|39|39|1
38|21|44|49|51|1
39|21|44|49|51|1
0|22|44|49|51|1
1|22|44|49|51|1
2|22|37|37|37|1
3|22|38|38|38|1
4|22|40|40|40|1
5|22|41|41|41|1
6|22|42|42|42|1
7|22|44|44|44|1
8|22|45|45|45|1
9|22|46|46|46|1
10|22|48|48|48|1
11|22|49|49|49|1
12|22|50|50|50|1
13|22|51|51|51|1
14|22|52|52|52|1
15|22|53|53|53|1
16|22|54|54|54|1
17|22|55|55|55|1
18|22|55|55|55|1
19|22|56|56|56|1
20|22|56|56|56|1
21|22|56|56|56|1
22|22|55|55|55|1
23|22|55|55|55|1
24|22|54|54|54|1
25|22|53|53|53|1
26|22|52|52|52|1
27|22|51|51|51|1
28|22|50|50|50|1
29|22|49|49|49|1
30|22|48|48|48|1
31|22|46|46|46|1
32|22|45|45|45|1
33|22|44|44|44|1
34|22|42|42|42|1
35|22|41|41|41|1
36|22|40|40|40|1
37|22|38|38|38|1
38|22|44|49|51|1
39|22|44|49|51|1
0|23|44|49|51|1
1|23|44|49|51|1
2|23|37|37|37|1
3|23|38|38|38|1
4|23|40|40|40|1
5|23|41|41|41|1
6|23|42|42|42|1
7|23|43|43|43|1
8|23|45|45|45|1
9|23|46|46|46|1
10|23|47|47|47|1
11|23|48|48|48|1
12|23|49|49|49|1
13|23|51|51|51|1
14|23|51|51|51|1
15|23|53|53|53|1
16|23|53|53|53|1
17|23|54|54|54|1
18|23|55|55|55|1
19|23|55|55|55|1
20|23|55|55|55|1
21|23|55|55|55|1
22|23|55|55|55|1
23|23|54|54|54|1
24|23|53|53|53|1
25|23|53|53|53|1
26|23|51|51|51|1
27|23|51|51|51|1
28|23|49|49|49|1
29|23|48|48|48|1
30|23|47|47|47|1
31|23|46|46|46|1
32|23|45|45|45|1
33|23|43|43|43|1
34|23|42|42|42|1
35|23|41|41|41|1
36|23|40|40|40|1
37|23|38|38|38|1
38|23|44|49|51|1
39|23|44|49|51|1
0|24|44|49|51|1
1|24|44|49|51|1
2|24|37|37|37|1
3|24|38|38|38|1
4|24|39|39|39|1
5|24|40|40|40|1
6|24|42|42|42|1
7|24|43|43|43|1
8|24|44|44|44|1
9|24|45|45|45|1
10|24|47|47|47|1
11|24|48|48|48|1
12|24|49|49|49|1
13|24|50|50|50|1
14|24|51|51|51|1
15|24|52|52|52|1
16|24|53|53|53|1
17|24|53|53|53|1
18|24|54|54|54|1
19|24|54|54|54|1
20|24|54|54|54|1
21|24|54|54|54|1
22|24|54|54|54|1
23|24|53|53|53|1
24|24|53|53|53|1
25|24|52|52|52|1
26|24|51|51|51|1
27|24|50|50|50|1
28|24|49|49|49|1
29|24|48|48|48|1
30|24|47|47|47|1
31|24|45|45|45|1
32|24|44|44|44|1
33|24|43|43|43|1
34|24|42|42|42|1
35|24|40|40|40|1
36|24|39|39|39|1
37|24|38|38|38|1
38|24|44|49|51|1
39|24|44|49|51|1
0|25|44|49|51|1
1|25|44|49|51|1
2|25|36|36|36|1
3|25|38|38|38|1
4|25|39|39|39|1
5|25|40|40|40|1
6|25|41|41|41|1
7|25|42|42|42|1
8|25|44|44|44|1
9|25|45|45|45|1
10|25|46|46|46|1
11|25|47|47|47|1
12|25|48|48|48|1
13|25|49|49|49|1
14|25|50|50|50|1
15|25|51|51|51|1
16|25|52|52|52|1
17|25|53|53|53|1
18|25|53|53|53|1
19|25|53|53|53|1
20|25|53|53|53|1
21|25|53|53|53|1
22|25|53|53|53|1
23|25|53|53|53|1
24|25|52|52|52|1
25|25|51|51|51|1
26|25|50|50|50|1
27|25|49|49|49|1
28|25|48|48|48|1
29|25|47|47|47|1
30|25|46|46|46|1
31|25|45|45|45|1
32|25|44|44|44|1
33|25|42|42|42|1
34|25|41|41|41|1
35|25|40|40|40|1
36|25|39|39|39|1
37|25|38|38|38|1
38|25|44|49|51|1
39|25|44|49|51|1
0|26|44|49|51|1
1|26|44|49|51|1
2|26|36|36|36|1
3|26|37|37|37|1
4|26|38|38|38|1
5|26|40|40|40|1
6|26|41|41|41|1
7|26|42|42|42|1
8|26|43|43|43|1
9|26|44|44|44|1
10|26|46|46|46|1
11|26|47|47|47|1
12|26|48|48|48|1
13|26|49|49|49|1
14|26|49|49|49|1
15|26|50|50|50|1
16|26|51|51|51|1
17|26|51|51|51|1
18|26|52|52|52|1
19|26|52|52|52|1
20|26|52|52|52|1
21|26|52|52|52|1
22|26|52|52|52|1
23|26|51|51|51|1
24|26|51|51|51|1
25|26|50|50|50|1
26|26|49|49|49|1
27|26|49|49|49|1
28|26|48|48|48|1
29|26|47|47|47|1
30|26|46|46|46|1
31|26|44|44|44|1
32|26|43|43|43|1
33|26|42|42|42|1
34|26|41|41|41|1
35|26|40|40|40|1
36|26|38|38|38|1
37|26|37|37|37|1
38|26|44|49|51|1
39|26|44|49|51|1
0|27|44|49|51|1
1|27|44|49|51|1
2|27|36|36|36|1
3|27|37|37|37|1
4|27|38|38|38|1
5|27|39|39|39|1
6|27|40|40|40|1
7|27|42|42|42|1
8|27|43|43|43|1
9|27|44|44|44|1
10|27|45|45|45|1
11|27|46|46|46|1
12|27|47|47|47|1
13|27|48|48|48|1
14|27|49|49|49|1
15|27|49|49|49|1
16|27|50|50|50|1
17|27|51|51|51|1
18|27|51|51|51|1
19|27|51|51|51|1
20|27|51|51|51|1
21|27|51|51|51|1
22|27|51|51|51|1
23|27|51|51|51|1
24|27|50|50|50|1
25|27|49|49|49|1
26|27|49|49|49|1
27|27|48|48|48|1
28|27|47|47|47|1
29|27|46|46|46|1
30|27|45|45|45|1
31|27|44|44|44|1
32|27|43|43|43|1
33|27|42|42|42|1
34|27|40|40|40|1
35|27|39|39|39|1
36|27|38|38|38|1
37|27|37|37|37|1
38|27|44|49|51|1
39|27|44|49|51|1
0|28|44|49|51|1
1|28|44|49|51|1
2|28|35|35|35|1
3|28|36|36|36|1
4|28|37|37|37|1
5|28|39|39|39|1
6|28|40|40|40|1
7|28|41|41|41|1
8|28|42|42|42|1
9|28|43|43|43|1
10|28|44|44|44|1
11|28|45|45|45|1
12|28|46|46|46|1
13|28|47|47|47|1
14|28|48|48|48|1
15|28|48|48|48|1
16|28|49|49|49|1
17|28|49|49|49|1
18|28|50|50|50|1
19|28|50|50|50|1
20|28|50|50|50|1
21|28|50|50|50|1
22|28|50|50|50|1
23|28|49|49|49|1
24|28|49|49|49|1
25|28|48|48|48|1
26|28|48|48|48|1
27|28|47|47|47|1
28|28|46|46|46|1
29|28|45|45|45|1
30|28|44|44|44|1
31|28|43|43|43|1
32|28|42|42|42|1
33|28|41|41|41|1
34|28|40|40|40|1
35|28|39|39|39|1
36|28|37|37|37|1
37|28|36|36|36|1
38|28|44|49|51|1
39|28|44|49|51|1
0|29|44|49|51|1
1|29|44|49|51|1
2|29|35|35|35|1
3|29|36|36|36|1
4|29|37|37|37|1
5|29|38|38|38|1
6|29|39|39|39|1
7|29|40|40|40|1
8|29|41|41|41|1
9|29|42|42|42|1
10|29|43|43|43|1
11|29|44|44|44|1
12|29|45|45|45|1
13|29|46|46|46|1
14|29|47|47|47|1
15|29|47|47|47|1
16|29|48|48|48|1
17|29|48|48|48|1
18|29|49|49|49|1
19|29|49|49|49|1
20|29|49|49|49|1
21|29|49|49|49|1
22|29|49|49|49|1
23|29|48|48|48|1
24|29|48|48|48|1
25|29|47|47|47|1
26|29|47|47|47|1
27|29|46|46|46|1
28|29|45|45|45|1
29|29|44|44|44|1
30|29|43|43|43|1
31|29|42|42|42|1
32|29|41|41|41|1
33|29|40|40|40|1
34|29|39|39|39|1
35|29|38|38|38|1
36|29|37|37|37|1
37|29|36|36|36|1
38|29|44|49|51|1
39|29|44|49|51|1
0|30|44|49|51|1
1|30|44|49|51|1
2|30|34|34|34|1
3|30|35|35|35|1
4|30|36|36|36|1
5|30|37|37|37|1
6|30|38|38|38|1
7|30|40|40|40|1
8|30|40|40|40|1
9|30|41|41|41|1
10|30|42|42|42|1
11|30|43|43|43|1
12|30|44|44|44|1
13|30|45|45|45|1
14|30|46|46|46|1
15|30|46|46|46|1
16|30|47|47|47|1
17|30|47|47|47|1
18|30|48|48|48|1
19|30|48|48|48|1
20|30|48|48|48|1
21|30|48|48|48|1
22|30|48|48|48|1
23|30|47|47|47|1
24|30|47|47|47|1
25|30|46|46|46|1
26|30|46|46|46|1
27|30|45|45|45|1
28|30|44|44|44|1
29|30|43|43|43|1
30|30|42|42|42|1
31|30|41|41|41|1
32|30|40|40|40|1
33|30|40|40|40|1
34|30|38|38|38|1
35|30|37|37|37|1
36|30|36|36|36|1
37|30|35|35|35|1
38|30|44|49|51|1
39|30|44|49|51|1
0|31|44|49|51|1
1|31|44|49|51|1
2|31|34|34|34|1
3|31|35|35|35|1
4|31|36|36|36|1
5|31|37|37|37|1
6|31|38|38|38|1
7|31|39|39|39|1
8|31|40|40|40|1
9|31|40|40|40|1
10|31|41|41|41|1
11|31|42|42|42|1
12|31|43|43|43|1
13|31|44|44|44|1
14|31|44|44|44|1
15|31|45|45|45|1
16|31|45|45|45|1
17|31|46|46|46|1
18|31|46|46|46|1
19|31|46|46|46|1
20|31|46|46|46|1
21|31|46|46|46|1
22|31|46|46|46|1
23|31|46|46|46|1
24|31|45|45|45|1
25|31|45|45|45|1
26|31|44|44|44|1
27|31|44|44|44|1
28|31|43|43|43|1
29|31|42|42|42|1
30|31|41|41|41|1
31|31|40|40|40|1
32|31|40|40|40|1
33|31|39|39|39|1
34|31|38|38|38|1
35|31|37|37|37|1
36|31|36|36|36|1
37|31|35|35|35|1
38|31|44|49|51|1
39|31|44|49|51|1
0|32|44|49|51|1
1|32|44|49|51|1
2|32|33|33|33|1
3|32|34|34|34|1
4|32|35|35|35|1
5|32|36|36|36|1
6|32|37|37|37|1
7|32|38|38|38|1
8|32|39|39|39|1
9|32|40|40|40|1
10|32|40|40|40|1
11|32|41|41|41|1
12|32|42|42|42|1
13|32|43|43|43|1
14|32|43|43|43|1
15|32|44|44|44|1
16|32|44|44|44|1
17|32|45|45|45|1
18|32|45|45|45|1
19|32|45|45|45|1
20|32|45|45|45|1
21|32|45|45|45|1
22|32|45|45|45|1
23|32|45|45|45|1
24|32|44|44|44|1
25|32|44|44|44|1
26|32|43|43|43|1
27|32|43|43|43|1
28|32|42|42|42|1
29|32|41|41|41|1
30|32|40|40|40|1
31|32|40|40|40|1
32|32|39|39|39|1
33|32|38|38|38|1
34|32|37|37|37|1
35|32|36|36|36|1
36|32|35|35|35|1
37|32|34|34|34|1
38|32|44|49|51|1
39|32|44|49|51|1
0|33|44|49|51|1
1|33|44|49|51|1
2|33|32|32|32|1
3|33|33|33|33|1
4|33|34|34|34|1
5|33|35|35|35|1
6|33|36|36|36|1
7|33|37|37|37|1
8|33|38|38|38|1
9|33|39|39|39|1
10|33|40|40|40|1
11|33|40|40|40|1
12|33|41|41|41|1
13|33|42|42|42|1
14|33|42|42|42|1
15|33|42|42|42|1
16|33|43|43|43|1
17|33|43|43|43|1
18|33|44|44|44|1
19|33|44|44|44|1
20|33|44|44|44|1
21|33|44|44|44|1
22|33|44|44|44|1
23|33|43|43|43|1
24|33|43|43|43|1
25|33|42|42|42|1
26|33|42|42|42|1
27|33|42|42|42|1
28|33|41|41|41|1
29|33|40|40|40|1
30|33|40|40|40|1
31|33|39|39|39|1
32|33|38|38|38|1
33|33|37|37|37|1
34|33|36|36|36|1
35|33|35|35|35|1
36|33|34|34|34|1
37|33|33|33|33|1
38|33|44|49|51|1
39|33|44|49|51|1
0|34|44|49|51|1
1|34|44|49|51|1
2|34|32|32|32|1
3|34|32|32|32|1
4|34|33|33|33|1
5|34|34|34|34|1
6|34|35|35|35|1
7|34|36|36|36|1
8|34|37|37|37|1
9|34|38|38|38|1
10|34|38|38|38|1
11|34|39|39|39|1
12|34|40|40|40|1
13|34|40|40|40|1
14|34|41|41|41|1
15|34|41|41|41|1
16|34|42|42|42|1
17|34|42|42|42|1
18|34|42|42|42|1
19|34|42|42|42|1
20|34|42|42|42|1
21|34|42|42|42|1
22|34|42|42|42|1
23|34|42|42|42|1
24|34|42|42|42|1
25|34|41|41|41|1
26|34|41|41|41|1
27|34|40|40|40|1
28|34|40|40|40|1
29|34|39|39|39|1
30|34|38|38|38|1
31|34|38|38|38|1
32|34|37|37|37|1
33|34|36|36|36|1
34|34|35|35|35|1
35|34|34|34|34|1
36|34|33|33|33|1
37|34|32|32|32|1
38|34|44|49|51|1
39|34|44|49|51|1
0|35|44|49|51|1
1|35|44|49|51|1
2|35|31|31|31|1
3|35|32|32|32|1
4|35|32|32|32|1
5|35|33|33|33|1
6|35|34|34|34|1
7|35|35|35|35|1
8|35|36|36|36|1
9|35|37|37|37|1
10|35|37|37|37|1
11|35|38|38|38|1
12|35|39|39|39|1
13|35|39|39|39|1
14|35|40|40|40|1
15|35|40|40|40|1
16|35|40|40|40|1
17|35|41|41|41|1
18|35|41|41|41|1
19|35|41|41|41|1
20|35|41|41|41|1
21|35|41|41|41|1
22|35|41|41|41|1
23|35|41|41|41|1
24|35|40|40|40|1
25|35|40|40|40|1
26|35|40|40|40|1
27|35|39|39|39|1
28|35|39|39|39|1
29|35|38|38|38|1
30|35|37|37|37|1
31|35|37|37|37|1
32|35|36|36|36|1
33|35|35|35|35|1
34|35|34|34|34|1
35|35|33|33|33|1
36|35|32|32|32|1
37|35|32|32|32|1
38|35|44|49|51|1
39|35|44|49|51|1
0|36|44|49|51|1
1|36|44|49|51|1
2|36|30|30|30|1
3|36|31|31|31|1
4|36|32|32|32|1
5|36|32|32|32|1
6|36|33|33|33|1
7|36|34|34|34|1
8|36|35|35|35|1
9|36|36|36|36|1
10|36|36|36|36|1
11|36|37|37|37|1
12|36|37|37|37|1
13|36|38|38|38|1
14|36|38|38|38|1
15|36|39|39|39|1
16|36|39|39|39|1
17|36|40|40|40|1
18|36|40|40|40|1
19|36|40|40|40|1
20|36|40|40|40|1
21|36|40|40|40|1
22|36|40|40|40|1
23|36|40|40|40|1
24|36|39|39|39|1
25|36|39|39|39|1
26|36|38|38|38|1
27|36|38|38|38|1
28|36|37|37|37|1
29|36|37|37|37|1
30|36|36|36|36|1
31|36|36|36|36|1
32|36|35|35|35|1
33|36|34|34|34|1
34|36|33|33|33|1
35|36|32|32|32|1
36|36|32|32|32|1
37|36|31|31|31|1
38|36|44|49|51|1
39|36|44|49|51|1
0|37|44|49|51|1
1|37|44|49|51|1
2|37|30|30|30|1
3|37|30|30|30|1
4|37|31|31|31|1
5|37|32|32|32|1
6|37|32|32|32|1
7|37|33|33|33|1
8|37|34|34|34|1
9|37|35|35|35|1
10|37|35|35|35|1
11|37|36|36|36|1
12|37|36|36|36|1
13|37|37|37|37|1
14|37|37|37|37|1
15|37|38|38|38|1
16|37|38|38|38|1
17|37|38|38|38|1
18|37|38|38|38|1
19|37|39|39|39|1
20|37|39|39|39|1
21|37|39|39|39|1
22|37|38|38|38|1
23|37|38|38|38|1
24|37|38|38|38|1
25|37|38|38|38|1
26|37|37|37|37|1
27|37|37|37|37|1
28|37|36|36|36|1
29|37|36|36|36|1
30|37|35|35|35|1
31|37|35|35|35|1
32|37|34|34|34|1
33|37|33|33|33|1
34|37|32|32|32|1
35|37|32|32|32|1
36|37|31|31|31|1
37|37|30|30|30|1
38|37|44|49|51|1
39|37|44|49|51|1
0|38|44|49|51|1
1|38|44|49|51|1
2|38|44|49|51|1
3|38|44|49|51|1
4|38|44|49|51|1
5|38|44|49|51|1
6|38|44|49|51|1
7|38|44|49|51|1
8|38|44|49|51|1
9|38|44|49|51|1
10|38|44|49|51|1
11|38|44|49|51|1
12|38|44|49|51|1
13|38|44|49|51|1
14|38|44|49|51|1
15|38|44|49|51|1
16|38|44|49|51|1
17|38|44|49|51|1
18|38|44|49|51|1
19|38|44|49|51|1
20|38|44|49|51|1
21|38|44|49|51|1
22|38|44|49|51|1
23|38|44|49|51|1
24|38|44|49|51|1
25|38|44|49|51|1
26|38|44|49|51|1
27|38|44|49|51|1
28|38|44|49|51|1
29|38|44|49|51|1
30|38|44|49|51|1
31|38|44|49|51|1
32|38|44|49|51|1
33|38|44|49|51|1
34|38|44|49|51|1
35|38|44|49|51|1
36|38|44|49|51|1
37|38|44|49|51|1
38|38|44|49|51|1
39|38|44|49|51|1
0|39|44|49|51|1
1|39|44|49|51|1
2|39|44|49|51|1
3|39|44|49|51|1
4|39|44|49|51|1
5|39|44|49|51|1
6|39|44|49|51|1
7|39|44|49|51|1
8|39|44|49|51|1
9|39|44|49|51|1
10|39|44|49|51|1
11|39|44|49|51|1
12|39|44|49|51|1
13|39|44|49|51|1
14|39|44|49|51|1
15|39|44|49|51|1
16|39|44|49|51|1
17|39|44|49|51|1
18|39|44|49|51|1
19|39|44|49|51|1
20|39|44|49|51|1
21|39|44|49|51|1
22|39|44|49|51|1
23|39|44|49|51|1
24|39|44|49|51|1
25|39|44|49|51|1
26|39|44|49|51|1
27|39|44|49|51|1
28|39|44|49|51|1
29|39|44|49|51|1
30|39|44|49|51|1
31|39|44|49|51|1
32|39|44|49|51|1
33|39|44|49|51|1
34|39|44|49|51|1
35|39|44|49|51|1
36|39|44|49|51|1
37|39|44|49|51|1
38|39|44|49|51|1
39|39|44|49|51|1