0|0|255|255|255|0
1|0|255|255|255|0
2|0|255|255|255|0
3|0|255|255|255|0
4|0|255|255|255|0
5|0|255|255|255|0
6|0|255|255|255|0
7|0|255|255|255|0
8|0|255|255|255|0
9|0|255|255|255|0
10|0|255|255|255|0
11|0|255|255|255|0
12|0|255|255|255|0
13|0|255|255|255|0
14|0|255|255|255|0
15|0|255|255|255|0
16|0|255|255|255|0
17|0|255|255|255|0
18|0|255|255|255|0
19|0|255|255|255|0
20|0|255|255|255|0
21|0|255|255|255|0
22|0|255|255|255|0
23|0|255|255|255|0
24|0|255|255|255|0
25|0|255|255|255|0
26|0|255|255|255|0
27|0|255|255|255|0
28|0|255|255|255|0
29|0|255|255|255|0
30|0|255|255|255|0
31|0|255|255|255|0
32|0|255|255|255|0
33|0|255|255|255|0
34|0|255|255|255|0
35|0|255|255|255|0
36|0|255|255|255|0
37|0|255|255|255|0
38|0|255|255|255|0
39|0|255|255|255|0
0|1|255|255|255|0
1|1|255|255|255|0
2|1|255|255|255|0
3|1|234|234|234|0
4|1|234|234|234|0
5|1|234|234|234|0
6|1|234|234|234|0
7|1|234|234|234|0
8|1|234|234|234|0
9|1|234|234|234|0
10|1|234|234|234|0
11|1|235|235|235|0
12|1|225|225|225|0
13|1|215|215|215|0
14|1|195|195|196|0
15|1|133|135|132|0
16|1|165|192|151|0
17|1|129|135|127|0
18|1|112|112|113|0
19|1|122|123|121|0
20|1|149|150|148|0
21|1|136|134|137|0
22|1|86|86|86|0,14173228346457
23|1|101|100|102|0,34645669291339
24|1|89|94|86|0,62992125984252
25|1|34|78|14|0,86614173228346
26|1|29|68|11|0,94488188976378
27|1|60|79|53|0,66929133858268
28|1|140|137|141|0,11023622047244
29|1|239|239|240|0
30|1|160|160|160|0
31|1|182|183|182|0
32|1|217|218|216|0
33|1|213|214|212|0
34|1|213|214|212|0
35|1|213|214|212|0
36|1|213|214|212|0
37|1|213|214|212|0
38|1|213|214|212|0
39|1|255|255|255|0
0|2|255|255|255|0
1|2|255|255|255|0
2|2|255|255|255|0
3|2|234|234|234|0
4|2|234|234|234|0
5|2|234|234|234|0
6|2|234|234|234|0
7|2|234|234|234|0
8|2|234|234|234|0
9|2|234|234|234|0
10|2|234|234|234|0
11|2|235|235|235|0
12|2|225|225|225|0
13|2|215|215|215|0
14|2|195|195|196|0
15|2|135|137|134|0
16|2|172|199|158|0
17|2|128|133|126|0
18|2|97|96|98|0,047244094488189
19|2|87|90|86|0,28346456692913
20|2|76|95|67|0,53543307086614
21|2|94|116|82|0,76377952755906
22|2|158|158|158|0,97637795275591
23|2|227|226|227|1
24|2|154|177|142|1
25|2|32|126|0|1
26|2|33|105|0|1
27|2|40|132|0|1
28|2|74|115|53|0,88188976377953
29|2|142|142|143|0,18897637795276
30|2|120|120|121|0
31|2|189|190|188|0
32|2|217|218|216|0
33|2|213|214|212|0
34|2|213|214|212|0
35|2|213|214|212|0
36|2|213|214|212|0
37|2|213|214|212|0
38|2|213|214|212|0
39|2|255|255|255|0
0|3|255|255|255|0
1|3|255|255|255|0
2|3|255|255|255|0
3|3|234|234|234|0
4|3|234|234|234|0
5|3|234|234|234|0
6|3|234|234|234|0
7|3|234|234|234|0
8|3|234|234|234|0
9|3|234|234|234|0
10|3|234|234|234|0
11|3|235|235|235|0
12|3|225|225|225|0
13|3|216|216|216|0
14|3|199|199|200|0
15|3|124|123|125|0,031496062992126
16|3|118|142|106|0,25984251968504
17|3|107|113|103|0,58267716535433
18|3|119|125|116|0,8740157480315
19|3|31|99|0|1
20|3|44|143|0|1
21|3|135|193|106|1
22|3|255|255|255|1
23|3|255|255|255|1
24|3|166|187|156|1
25|3|36|129|0|1
26|3|36|98|0|1
27|3|55|154|5|1
28|3|114|188|77|1
29|3|148|151|146|0,92125984251969
30|3|90|87|91|0,36220472440945
31|3|194|193|194|0
32|3|220|221|219|0
33|3|212|213|211|0
34|3|213|214|212|0
35|3|213|214|212|0
36|3|213|214|212|0
37|3|213|214|212|0
38|3|213|214|212|0
39|3|255|255|255|0
0|4|255|255|255|0
1|4|255|255|255|0
2|4|255|255|255|0
3|4|234|234|234|0
4|4|234|234|234|0
5|4|234|234|234|0
6|4|234|234|234|0
7|4|234|234|234|0
8|4|234|234|234|0
9|4|234|234|234|0
10|4|234|234|234|0
11|4|235|235|235|0
12|4|230|229|230|0
13|4|220|220|220|0
14|4|142|139|143|0,37795275590551
15|4|57|88|43|0,84251968503937
16|4|43|108|10|1
17|4|208|225|200|1
18|4|222|232|217|1
19|4|35|118|0|1
20|4|61|163|9|1
21|4|137|188|111|1
22|4|255|254|255|1
23|4|255|255|255|1
24|4|162|183|150|1
25|4|35|98|0|1
26|4|39|92|0|1
27|4|57|161|6|1
28|4|102|167|69|1
29|4|254|252|254|1
30|4|164|174|158|1
31|4|92|104|87|0,50393700787402
32|4|211|208|213|0
33|4|220|221|220|0
34|4|217|218|217|0
35|4|218|218|217|0
36|4|218|218|217|0
37|4|218|218|217|0
38|4|218|218|217|0
39|4|255|255|255|0
0|5|255|255|255|0
1|5|255|255|255|0
2|5|255|255|255|0
3|5|234|234|235|0
4|5|234|234|235|0
5|5|234|234|235|0
6|5|234|234|235|0
7|5|234|234|235|0
8|5|234|234|235|0
9|5|234|234|235|0
10|5|234|234|235|0
11|5|238|238|239|0
12|5|178|183|176|0
13|5|133|131|133|0,33070866141732
14|5|188|187|189|1
15|5|83|141|53|1
16|5|65|145|24|1
17|5|228|233|226|1
18|5|198|209|191|1
19|5|30|110|0|1
20|5|61|162|9|1
21|5|136|186|110|1
22|5|255|255|255|1
23|5|255|255|255|1
24|5|142|158|126|1
25|5|33|76|0|1
26|5|42|100|0|1
27|5|57|162|5|1
28|5|101|167|68|1
29|5|247|246|247|1
30|5|186|202|179|1
31|5|14|88|0|1
32|5|87|97|82|0,4488188976378
33|5|214|211|215|0
34|5|214|213|214|0
35|5|212|212|213|0
36|5|212|212|213|0
37|5|212|212|213|0
38|5|212|212|213|0
39|5|255|255|255|0
0|6|255|255|255|0
1|6|255|255|255|0
2|6|255|255|255|0
3|6|235|238|234|0
4|6|235|238|234|0
5|6|235|238|234|0
6|6|235|238|234|0
7|6|235|238|234|0
8|6|235|238|234|0
9|6|235|238|234|0
10|6|236|238|234|0
11|6|244|247|243|0
12|6|97|106|90|0,34645669291339
13|6|130|136|122|0,96850393700787
14|6|255|255|255|1
15|6|76|133|48|1
16|6|73|149|34|1
17|6|240|242|239|1
18|6|189|193|182|1
19|6|30|98|0|1
20|6|59|163|7|1
21|6|133|181|109|1
22|6|255|255|255|1
23|6|255|255|255|1
24|6|162|173|152|1
25|6|33|78|0|1
26|6|47|112|0|1
27|6|55|161|3|1
28|6|105|172|72|1
29|6|249|247|249|1
30|6|195|205|191|1
31|6|40|133|0|1
32|6|70|139|35|1
33|6|114|116|113|0,26771653543307
34|6|156|160|154|0
35|6|150|154|148|0
36|6|150|154|148|0
37|6|150|154|148|0
38|6|150|154|148|0
39|6|255|255|255|0
0|7|255|255|255|0
1|7|255|255|255|0
2|7|255|255|255|0
3|7|160|162|158|0
4|7|160|162|158|0
5|7|160|162|158|0
6|7|160|162|158|0
7|7|160|162|158|0
8|7|160|162|158|0
9|7|160|162|158|0
10|7|163|165|161|0
11|7|146|147|146|0,094488188976378
12|7|20|43|3|0,96062992125984
13|7|166|179|153|1
14|7|255|253|255|1
15|7|58|122|26|1
16|7|83|157|46|1
17|7|252|253|252|1
18|7|179|185|171|1
19|7|33|88|0|1
20|7|54|154|3|1
21|7|131|179|108|1
22|7|255|255|255|1
23|7|255|255|255|1
24|7|165|175|156|1
25|7|33|77|0|1
26|7|39|97|0|1
27|7|52|159|0|1
28|7|101|165|68|1
29|7|250|247|252|1
30|7|211|218|208|1
31|7|46|136|2|1
32|7|86|165|46|1
33|7|59|66|55|0,40157480314961
34|7|83|89|80|0
35|7|80|87|77|0
36|7|80|87|77|0
37|7|80|87|77|0
38|7|80|87|77|0
39|7|255|255|255|0
0|8|255|255|255|0
1|8|255|255|255|0
2|8|255|255|255|0
3|8|144|143|144|0
4|8|144|144|144|0
5|8|145|144|145|0
6|8|145|144|145|0
7|8|145|145|146|0
8|8|147|146|147|0
9|8|147|146|148|0
10|8|154|153|155|0
11|8|106|105|107|0,28346456692913
12|8|12|42|0|1
13|8|185|192|177|1
14|8|233|238|230|1
15|8|37|99|3|1
16|8|87|161|49|1
17|8|252|254|251|1
18|8|160|171|148|1
19|8|34|82|0|1
20|8|44|121|0|1
21|8|136|183|114|1
22|8|255|255|255|1
23|8|255|255|255|1
24|8|158|173|146|1
25|8|33|79|0|1
26|8|29|72|0|1
27|8|50|159|0|1
28|8|78|141|46|1
29|8|241|241|241|1
30|8|229|232|227|1
31|8|52|135|9|1
32|8|81|163|40|1
33|8|89|95|86|0,4488188976378
34|8|137|135|138|0
35|8|131|131|131|0
36|8|131|131|131|0
37|8|131|131|131|0
38|8|131|131|131|0
39|8|255|255|255|0
0|9|255|255|255|0
1|9|255|255|255|0
2|9|255|255|255|0
3|9|125|128|124|0
4|9|124|126|122|0
5|9|118|121|117|0
6|9|119|122|117|0
7|9|116|120|115|0
8|9|105|109|103|0
9|9|104|109|102|0
10|9|111|115|109|0
11|9|69|72|68|0,37007874015748
12|9|14|39|0|1
13|9|209|213|203|1
14|9|204|217|197|1
15|9|23|72|0|1
16|9|90|157|52|1
17|9|255|255|255|1
18|9|133|151|114|1
19|9|37|88|0|1
20|9|33|84|0|1
21|9|99|136|76|1
22|9|237|237|238|1
23|9|233|232|234|1
24|9|115|129|100|1
25|9|23|56|0|1
26|9|17|49|0|1
27|9|40|132|0|1
28|9|66|139|28|1
29|9|230|236|227|1
30|9|246|242|248|1
31|9|58|125|23|1
32|9|84|174|38|1
33|9|82|95|75|0,63779527559055
34|9|149|146|151|0
35|9|146|146|146|0
36|9|146|146|146|0
37|9|146|146|146|0
38|9|146|146|146|0
39|9|255|255|255|0
0|10|255|255|255|0
1|10|255|255|255|0
2|10|255|255|255|0
3|10|218|219|217|0
4|10|215|216|215|0
5|10|206|208|205|0
6|10|206|208|205|0
7|10|202|205|201|0
8|10|177|187|172|0
9|10|173|184|168|0
10|10|188|198|183|0
11|10|93|99|91|0,40944881889764
12|10|5|18|0|1
13|10|231|236|227|1
14|10|181|188|177|1
15|10|22|59|0|1
16|10|49|96|20|1
17|10|194|197|194|1
18|10|66|90|42|1
19|10|28|65|0|1
20|10|48|74|23|1
21|10|123|130|116|1
22|10|181|179|182|1
23|10|122|129|115|1
24|10|30|66|2|1
25|10|34|71|0|1
26|10|51|74|33|1
27|10|27|66|2|1
28|10|34|95|9|1
29|10|195|202|192|1
30|10|255|255|255|1
31|10|83|134|57|1
32|10|74|168|27|1
33|10|66|86|55|0,84251968503937
34|10|171|168|173|0,0078740157480315
35|10|178|178|178|0
36|10|176|176|176|0
37|10|176|176|176|0
38|10|176|176|176|0
39|10|255|255|255|0
0|11|255|255|255|0
1|11|255|255|255|0
2|11|255|255|255|0
3|11|237|237|237|0
4|11|237|237|237|0
5|11|239|238|239|0
6|11|239|238|239|0
7|11|239|239|239|0
8|11|233|233|233|0
9|11|250|250|250|0
10|11|203|201|204|0,094488188976378
11|11|36|39|35|0,79527559055118
12|11|18|25|14|1
13|11|165|164|167|1
14|11|98|113|83|1
15|11|16|48|0|1
16|11|147|156|140|1
17|11|182|190|178|1
18|11|32|72|0|1
19|11|24|69|0|1
20|11|164|182|150|1
21|11|255|255|255|1
22|11|238|240|236|1
23|11|65|96|35|1
24|11|32|80|0|1
25|11|73|102|43|1
26|11|199|197|200|1
27|11|94|112|76|1
28|11|27|108|0|1
29|11|84|121|65|1
30|11|192|186|195|1
31|11|101|149|76|1
32|11|74|177|21|1
33|11|43|70|29|0,98425196850394
34|11|129|125|131|0,18110236220472
35|11|170|170|170|0
36|11|164|164|164|0
37|11|164|164|164|0
38|11|164|164|164|0
39|11|255|255|255|0
0|12|255|255|255|0
1|12|255|255|255|0
2|12|255|255|255|0
3|12|234|234|234|0
4|12|234|234|234|0
5|12|235|235|235|0
6|12|236|236|236|0
7|12|235|235|235|0
8|12|205|205|205|0
9|12|187|184|189|0,078740157480315
10|12|54|75|36|0,81889763779528
11|12|17|60|0|1
12|12|142|151|135|1
13|12|212|215|212|1
14|12|41|82|14|1
15|12|78|102|53|1
16|12|255|255|255|1
17|12|105|129|79|1
18|12|25|70|0|1
19|12|74|111|45|1
20|12|238|246|235|1
21|12|249|249|249|1
22|12|92|117|67|1
23|12|30|79|0|1
24|12|52|90|19|1
25|12|206|210|202|1
26|12|210|208|212|1
27|12|189|187|190|1
28|12|56|94|29|1
29|12|75|147|37|1
30|12|200|202|200|1
31|12|96|110|87|1
32|12|44|119|6|1
33|12|43|85|23|1
34|12|93|88|95|0,45669291338583
35|12|185|185|185|0
36|12|174|174|174|0
37|12|174|174|174|0
38|12|174|174|174|0
39|12|255|255|255|0
0|13|255|255|255|0
1|13|255|255|255|0
2|13|255|255|255|0
3|13|234|234|234|0
4|13|233|233|233|0
5|13|228|228|228|0
6|13|228|228|228|0
7|13|233|233|233|0
8|13|168|165|170|0,1259842519685
9|13|74|83|65|0,79527559055118
10|13|26|75|0|1
11|13|78|102|53|1
12|13|255|253|255|1
13|13|104|134|80|1
14|13|23|64|0|1
15|13|211|213|208|1
16|13|197|204|189|1
17|13|29|73|0|1
18|13|39|82|6|1
19|13|208|217|202|1
20|13|255|255|255|1
21|13|167|182|153|1
22|13|17|52|0|1
23|13|29|62|0|1
24|13|40|52|30|1
25|13|72|72|79|1
26|13|49|49|48|1
27|13|73|73|79|1
28|13|101|109|98|1
29|13|41|96|4|1
30|13|173|200|159|1
31|13|224|223|224|1
32|13|30|62|2|1
33|13|29|64|11|1
34|13|34|33|36|0,77165354330709
35|13|172|172|172|0
36|13|172|172|172|0
37|13|171|171|171|0
38|13|171|171|171|0
39|13|255|255|255|0
0|14|255|255|255|0
1|14|255|255|255|0
2|14|255|255|255|0
3|14|235|235|235|0
4|14|229|229|229|0
5|14|160|160|160|0
6|14|121|121|121|0
7|14|101|99|102|0,2755905511811
8|14|109|112|105|0,90551181102362
9|14|60|101|22|1
10|14|33|76|2|1
11|14|207|210|203|1
12|14|198|210|191|1
13|14|24|70|0|1
14|14|120|140|98|1
15|14|255|255|255|1
16|14|121|142|99|1
17|14|25|75|0|1
18|14|95|127|64|1
19|14|241|241|242|1
20|14|178|178|178|1
21|14|57|62|51|1
22|14|6|10|4|1
23|14|5|6|6|1
24|14|36|29|11|1
25|14|49|39|9|1
26|14|106|90|30|1
27|14|162|135|43|1
28|14|81|68|28|1
29|14|9|21|2|1
30|14|64|90|45|1
31|14|255|255|255|1
32|14|88|116|61|1
33|14|37|91|1|1
34|14|109|129|100|0,97637795275591
35|14|169|166|171|0,19685039370079
36|14|201|201|202|0
37|14|195|193|196|0
38|14|195|194|196|0
39|14|255|255|255|0
0|15|255|255|255|0
1|15|255|255|255|0
2|15|255|255|255|0
3|15|237|237|237|0
4|15|234|234|234|0
5|15|151|151|151|0
6|15|86|85|87|0,33070866141732
7|15|111|113|110|0,96850393700787
8|15|74|110|38|1
9|15|29|83|0|1
10|15|145|160|128|1
11|15|250|251|251|1
12|15|67|104|35|1
13|15|26|69|0|1
14|15|182|192|175|1
15|15|232|233|239|1
16|15|68|98|43|1
17|15|21|52|0|1
18|15|31|42|19|1
19|15|36|35|36|1
20|15|5|4|3|1
21|15|14|11|12|1
22|15|29|25|25|1
23|15|12|12|18|1
24|15|92|76|34|1
25|15|127|102|37|1
26|15|114|96|36|1
27|15|197|157|57|1
28|15|153|125|45|1
29|15|9|7|6|1
30|15|6|11|0|1
31|15|177|178|177|1
32|15|162|173|150|1
33|15|22|69|0|1
34|15|123|164|100|1
35|15|149|148|149|0,76377952755906
36|15|171|175|169|0,015748031496063
37|15|189|197|185|0
38|15|186|194|182|0
39|15|255|255|255|0
0|16|255|255|255|0
1|16|255|255|255|0
2|16|255|255|255|0
3|16|226|226|226|0
4|16|207|207|207|0
5|16|116|116|116|0,44094488188976
6|16|177|176|179|1
7|16|96|130|65|1
8|16|34|89|0|1
9|16|88|116|60|1
10|16|247|245|249|1
11|16|136|154|127|1
12|16|15|63|0|1
13|16|14|48|0|1
14|16|108|113|101|1
15|16|130|121|92|1
16|16|26|26|15|1
17|16|10|7|11|1
18|16|17|13|15|1
19|16|18|15|14|1
20|16|31|29|27|1
21|16|44|40|38|1
22|16|40|37|34|1
23|16|24|23|28|1
24|16|112|93|44|1
25|16|125|104|37|1
26|16|117|99|37|1
27|16|160|126|45|1
28|16|107|89|34|1
29|16|5|6|9|1
30|16|13|13|2|1
31|16|44|43|35|1
32|16|125|130|119|1
33|16|35|73|2|1
34|16|73|125|37|1
35|16|179|187|177|1
36|16|91|119|77|0,4488188976378
37|16|165|209|142|0
38|16|157|200|135|0
39|16|255|255|255|0
0|17|255|255|255|0
1|17|255|255|255|0
2|17|255|255|255|0
3|17|164|164|164|0,031496062992126
4|17|107|107|107|0,60629921259843
5|17|211|210|212|1
6|17|147|160|136|1
7|17|27|71|0|1
8|17|33|72|5|1
9|17|138|143|144|1
10|17|130|128|132|1
11|17|69|73|40|1
12|17|84|82|21|1
13|17|137|113|39|1
14|17|203|159|53|1
15|17|248|207|69|1
16|17|70|62|26|1
17|17|13|12|16|1
18|17|10|9|9|1
19|17|10|9|9|1
20|17|13|12|11|1
21|17|14|12|11|1
22|17|26|23|22|1
23|17|22|21|25|1
24|17|142|116|48|1
25|17|107|96|39|1
26|17|171|141|52|1
27|17|185|147|52|1
28|17|84|73|34|1
29|17|23|21|26|1
30|17|21|19|17|1
31|17|25|26|7|1
32|17|39|41|24|1
33|17|34|59|5|1
34|17|36|87|0|1
35|17|180|202|169|1
36|17|76|98|64|0,90551181102362
37|17|183|190|180|0,070866141732283
38|17|213|223|208|0
39|17|255|255|255|0
0|18|255|255|255|0
1|18|255|255|255|0
2|18|255|255|255|0
3|18|121|121|121|0,74803149606299
4|18|221|221|221|1
5|18|203|202|203|1
6|18|87|96|79|1
7|18|17|38|1|1
8|18|53|54|14|1
9|18|132|107|47|1
10|18|186|151|58|1
11|18|204|167|74|1
12|18|255|204|73|1
13|18|255|211|77|1
14|18|254|207|74|1
15|18|252|231|86|1
16|18|93|93|39|1
17|18|9|9|15|1
18|18|36|33|30|1
19|18|66|60|56|1
20|18|74|67|63|1
21|18|68|62|58|1
22|18|44|40|39|1
23|18|70|63|48|1
24|18|145|124|69|1
25|18|138|128|59|1
26|18|212|173|60|1
27|18|147|119|46|1
28|18|28|26|24|1
29|18|21|19|19|1
30|18|21|18|20|1
31|18|43|40|17|1
32|18|51|50|17|1
33|18|18|24|6|1
34|18|16|50|0|1
35|18|140|157|126|1
36|18|122|152|107|1
37|18|107|116|102|0,48031496062992
38|18|211|209|212|0
39|18|255|255|255|0
0|19|255|255|255|0
1|19|255|255|255|0
2|19|255|255|255|0
3|19|117|117|117|0,53543307086614
4|19|135|135|135|0,92125984251969
5|19|66|66|66|1
6|19|33|33|35|1
7|19|40|36|35|1
8|19|76|61|30|1
9|19|215|176|68|1
10|19|192|166|92|1
11|19|179|144|56|1
12|19|225|183|82|1
13|19|242|212|84|1
14|19|215|197|91|1
15|19|202|205|82|1
16|19|110|115|52|1
17|19|51|44|42|1
18|19|57|57|51|1
19|19|74|75|66|1
20|19|73|70|64|1
21|19|72|65|61|1
22|19|78|70|69|1
23|19|178|166|133|1
24|19|163|153|124|1
25|19|199|184|66|1
26|19|206|182|76|1
27|19|60|55|36|1
28|19|57|51|52|1
29|19|61|56|53|1
30|19|18|18|18|1
31|19|183|161|61|1
32|19|192|176|78|1
33|19|55|49|19|1
34|19|1|9|3|1
35|19|105|107|101|1
36|19|102|130|87|1
37|19|60|109|35|0,90551181102362
38|19|172|168|174|0,047244094488189
39|19|255|255|255|0
0|20|255|255|255|0
1|20|255|255|255|0
2|20|255|255|255|0
3|20|145|145|145|0
4|20|106|106|106|0,094488188976378
5|20|86|86|86|0,35433070866142
6|20|60|60|61|0,66141732283465
7|20|52|53|57|0,85826771653543
8|20|103|85|33|1
9|20|123|106|53|1
10|20|154|137|77|1
11|20|203|172|77|1
12|20|161|151|72|1
13|20|219|210|99|1
14|20|204|194|128|1
15|20|151|126|67|1
16|20|184|48|90|1
17|20|203|57|114|1
18|20|178|50|104|1
19|20|163|46|95|1
20|20|122|82|92|1
21|20|199|188|174|1
22|20|209|190|178|1
23|20|219|200|188|1
24|20|162|153|111|1
25|20|156|156|72|1
26|20|219|205|187|1
27|20|68|62|62|1
28|20|57|52|48|1
29|20|71|67|65|1
30|20|65|64|42|1
31|20|243|213|78|1
32|20|221|190|91|1
33|20|207|166|64|1
34|20|109|99|66|1
35|20|17|18|28|1
36|20|32|38|29|1
37|20|52|103|25|1
38|20|76|88|70|0,60629921259843
39|20|255|255|255|0
0|21|255|255|255|0
1|21|255|255|255|0
2|21|255|255|255|0
3|21|141|141|141|0
4|21|123|123|123|0
5|21|138|138|138|0
6|21|140|140|141|0,039370078740157
7|21|72|71|68|0,58267716535433
8|21|91|84|64|0,61417322834646
9|21|137|124|68|0,8740157480315
10|21|232|211|100|1
11|21|155|143|69|1
12|21|203|203|86|1
13|21|199|193|128|1
14|21|181|177|115|1
15|21|149|138|62|1
16|21|193|106|121|1
17|21|212|127|158|1
18|21|202|127|154|1
19|21|196|126|149|1
20|21|217|178|177|1
21|21|255|244|228|1
22|21|255|239|225|1
23|21|219|198|187|1
24|21|133|131|111|1
25|21|203|201|193|1
26|21|255|245|235|1
27|21|220|201|188|1
28|21|141|128|120|1
29|21|144|116|118|1
30|21|163|132|103|1
31|21|237|224|77|1
32|21|163|145|51|1
33|21|120|97|42|1
34|21|249|210|101|1
35|21|121|109|73|1
36|21|70|67|69|0,92125984251969
37|21|86|87|88|0,74803149606299
38|21|30|37|26|0,59842519685039
39|21|255|255|255|0
0|22|255|255|255|0
1|22|255|255|255|0
2|22|255|255|255|0
3|22|151|151|151|0
4|22|159|159|159|0
5|22|209|208|208|0
6|22|178|178|179|0
7|22|137|138|141|0,070866141732283
8|22|165|140|83|0,60629921259843
9|22|255|216|78|1
10|22|213|201|80|1
11|22|195|186|80|1
12|22|213|211|124|1
13|22|224|212|107|1
14|22|141|144|74|1
15|22|141|122|75|1
16|22|254|204|184|1
17|22|254|235|217|1
18|22|253|238|219|1
19|22|255|238|220|1
20|22|255|237|221|1
21|22|254|230|217|1
22|22|255|234|220|1
23|22|239|216|203|1
24|22|250|243|241|1
25|22|255|255|255|1
26|22|255|241|233|1
27|22|255|243|224|1
28|22|211|130|151|1
29|22|220|50|121|1
30|22|222|65|133|1
31|22|221|84|122|1
32|22|196|151|80|1
33|22|111|109|59|0,92125984251969
34|22|113|101|64|0,92913385826772
35|22|115|106|70|0,90551181102362
36|22|123|119|91|0,71653543307087
37|22|137|137|123|0,24409448818898
38|22|153|153|148|0
39|22|255|255|255|0
0|23|255|255|255|0
1|23|255|255|255|0
2|23|255|255|255|0
3|23|212|212|212|0
4|23|220|220|220|0
5|23|206|206|207|0,015748031496063
6|23|102|102|100|0,24409448818898
7|23|127|107|57|0,74803149606299
8|23|207|168|74|0,85826771653543
9|23|174|155|76|0,78740157480315
10|23|198|190|82|0,99212598425197
11|23|230|219|119|1
12|23|195|182|96|1
13|23|169|150|53|1
14|23|92|93|31|1
15|23|126|99|80|1
16|23|255|203|183|1
17|23|255|223|212|1
18|23|255|234|220|1
19|23|255|234|220|1
20|23|222|206|195|1
21|23|235|215|203|1
22|23|255|234|220|1
23|23|255|234|219|1
24|23|255|246|240|1
25|23|255|250|247|1
26|23|255|241|233|1
27|23|254|231|216|1
28|23|251|222|213|1
29|23|228|176|179|1
30|23|190|119|136|1
31|23|199|121|102|1
32|23|221|167|74|1
33|23|122|118|76|0,79527559055118
34|23|111|113|122|0,2755905511811
35|23|119|121|112|0,05511811023622
36|23|165|164|136|0,039370078740157
37|23|205|206|163|0,062992125984252
38|23|221|222|197|0
39|23|255|255|255|0
0|24|255|255|255|0
1|24|255|255|255|0
2|24|255|255|255|0
3|24|182|182|182|0
4|24|185|185|185|0
5|24|158|159|160|0,062992125984252
6|24|97|94|83|0,28346456692913
7|24|141|135|116|0,1259842519685
8|24|161|161|161|0,039370078740157
9|24|183|176|135|0,69291338582677
10|24|195|188|108|1
11|24|220|216|94|1
12|24|173|155|56|1
13|24|141|124|43|1
14|24|73|64|32|1
15|24|58|47|38|1
16|24|147|109|97|1
17|24|255|212|199|1
18|24|255|241|227|1
19|24|255|239|225|1
20|24|178|166|158|1
21|24|218|207|195|1
22|24|255|245|227|1
23|24|255|235|220|1
24|24|255|233|219|1
25|24|255|232|218|1
26|24|255|232|217|1
27|24|254|233|218|1
28|24|206|191|180|1
29|24|192|169|149|1
30|24|164|135|68|1
31|24|234|198|68|1
32|24|246|202|77|1
33|24|170|156|102|1
34|24|107|110|108|0,48818897637795
35|24|194|194|196|0
36|24|211|211|203|0
37|24|219|220|193|0
38|24|219|220|200|0
39|24|255|255|255|0
0|25|255|255|255|0
1|25|255|255|255|0
2|25|255|255|255|0
3|25|201|201|201|0
4|25|202|202|202|0
5|25|198|198|199|0
6|25|143|143|144|0
7|25|144|137|120|0,2755905511811
8|25|147|137|101|0,82677165354331
9|25|155|149|101|0,89763779527559
10|25|150|135|58|0,94488188976378
11|25|190|166|55|1
12|25|194|183|67|1
13|25|180|160|70|1
14|25|94|83|58|1
15|25|173|132|116|1
16|25|174|133|117|1
17|25|114|86|79|1
18|25|201|181|169|1
19|25|254|236|222|1
20|25|220|201|188|1
21|25|150|117|127|1
22|25|198|179|179|1
23|25|234|217|204|1
24|25|249|230|212|1
25|25|255|237|219|1
26|25|255|240|223|1
27|25|255|241|223|1
28|25|185|182|177|1
29|25|121|103|44|1
30|25|255|208|66|1
31|25|198|166|82|1
32|25|150|131|80|1
33|25|221|191|107|1
34|25|116|114|85|0,8740157480315
35|25|104|105|107|0,21259842519685
36|25|205|205|207|0,015748031496063
37|25|233|233|234|0
38|25|227|227|227|0
39|25|255|255|255|0
0|26|255|255|255|0
1|26|255|255|255|0
2|26|255|255|255|0
3|26|232|232|232|0
4|26|232|232|232|0
5|26|236|237|238|0
6|26|155|153|149|0,19685039370079
7|26|118|105|71|0,8503937007874
8|26|128|125|107|0,45669291338583
9|26|132|129|119|0,33070866141732
10|26|136|112|58|0,81889763779528
11|26|102|96|58|0,74803149606299
12|26|100|99|50|0,92125984251969
13|26|91|89|56|1
14|26|61|78|29|1
15|26|52|81|22|1
16|26|145|120|99|1
17|26|193|145|131|1
18|26|118|92|80|1
19|26|124|119|109|1
20|26|171|138|143|1
21|26|162|35|97|1
22|26|212|131|197|1
23|26|163|113|151|1
24|26|193|143|174|1
25|26|187|136|167|1
26|26|150|116|131|1
27|26|173|128|155|1
28|26|190|126|185|1
29|26|106|78|55|1
30|26|173|151|50|1
31|26|164|135|51|1
32|26|165|145|89|1
33|26|129|112|66|1
34|26|152|141|97|1
35|26|93|93|64|0,69291338582677
36|26|161|161|153|0,13385826771654
37|26|229|229|231|0
38|26|224|224|224|0
39|26|255|255|255|0
0|27|255|255|255|0
1|27|255|255|255|0
2|27|255|255|255|0
3|27|202|202|202|0
4|27|202|202|202|0
5|27|209|209|209|0
6|27|143|143|143|0,18110236220472
7|27|136|135|134|0,14173228346457
8|27|220|220|220|0
9|27|135|133|126|0,24409448818898
10|27|142|140|133|0,23622047244094
11|27|51|52|60|0,53543307086614
12|27|25|24|30|0,85826771653543
13|27|33|75|1|1
14|27|38|121|0|1
15|27|41|120|0|1
16|27|17|76|0|1
17|27|88|90|55|1
18|27|207|156|143|1
19|27|193|152|131|1
20|27|99|66|66|1
21|27|146|23|92|1
22|27|223|132|203|1
23|27|212|145|199|1
24|27|237|162|222|1
25|27|186|140|178|1
26|27|174|122|165|1
27|27|202|132|188|1
28|27|255|196|247|1
29|27|146|116|145|1
30|27|48|49|51|0,59842519685039
31|27|113|107|79|0,58267716535433
32|27|141|114|45|0,88188976377953
33|27|93|83|49|0,81889763779528
34|27|84|85|76|0,66929133858268
35|27|121|120|97|0,41732283464567
36|27|148|149|137|0,23622047244094
37|27|226|226|227|0
38|27|219|219|219|0
39|27|255|255|255|0
0|28|255|255|255|0
1|28|255|255|255|0
2|28|255|255|255|0
3|28|219|219|219|0
4|28|219|219|219|0
5|28|226|226|226|0
6|28|164|164|165|0
7|28|155|154|151|0
8|28|209|208|207|0
9|28|180|181|181|0
10|28|34|34|35|0,81102362204724
11|28|37|37|37|1
12|28|46|47|46|1
13|28|33|49|13|1
14|28|44|82|6|1
15|28|46|108|0|1
16|28|48|132|0|1
17|28|46|125|8|1
18|28|81|117|57|1
19|28|172|133|119|1
20|28|233|179|152|1
21|28|79|22|63|1
22|28|163|72|144|1
23|28|229|171|217|1
24|28|185|158|183|1
25|28|177|139|170|1
26|28|192|140|185|1
27|28|199|157|190|1
28|28|246|205|238|1
29|28|186|130|175|1
30|28|94|81|92|0,48031496062992
31|28|142|143|147|0
32|28|87|89|93|0,062992125984252
33|28|71|71|68|0
34|28|124|124|121|0
35|28|173|173|158|0
36|28|161|161|158|0
37|28|227|227|227|0
38|28|220|220|220|0
39|28|255|255|255|0
0|29|255|255|255|0
1|29|255|255|255|0
2|29|255|255|255|0
3|29|222|222|222|0
4|29|222|222|222|0
5|29|228|228|228|0
6|29|169|169|169|0
7|29|150|150|149|0
8|29|184|184|184|0
9|29|125|125|125|0,25196850393701
10|29|49|49|49|1
11|29|73|73|73|1
12|29|8|8|8|1
13|29|18|15|20|1
14|29|32|34|29|1
15|29|42|69|14|1
16|29|51|121|0|1
17|29|49|152|0|1
18|29|72|174|26|1
19|29|79|133|57|1
20|29|135|109|91|1
21|29|98|73|63|1
22|29|75|14|51|1
23|29|189|76|134|1
24|29|224|109|186|1
25|29|186|103|162|1
26|29|175|117|163|1
27|29|202|130|187|1
28|29|248|153|235|1
29|29|204|126|188|1
30|29|126|108|122|0,44094488188976
31|29|219|216|219|0
32|29|140|140|139|0
33|29|75|74|69|0
34|29|116|116|112|0
35|29|166|166|150|0
36|29|160|160|156|0
37|29|227|227|227|0
38|29|220|220|220|0
39|29|255|255|255|0
0|30|255|255|255|0
1|30|255|255|255|0
2|30|255|255|255|0
3|30|196|196|196|0
4|30|196|196|196|0
5|30|198|198|198|0
6|30|183|183|183|0
7|30|182|182|182|0
8|30|189|189|189|0
9|30|93|93|93|0,61417322834646
10|30|90|90|90|1
11|30|13|13|13|1
12|30|8|8|8|1
13|30|14|13|14|1
14|30|17|15|18|1
15|30|32|27|35|1
16|30|44|58|25|1
17|30|50|107|2|1
18|30|47|142|0|1
19|30|67|172|18|1
20|30|97|161|67|1
21|30|51|50|38|1
22|30|5|25|2|1
23|30|94|114|55|1
24|30|91|19|48|1
25|30|155|21|96|1
26|30|201|38|137|1
27|30|179|77|153|1
28|30|171|83|154|1
29|30|97|24|85|1
30|30|28|34|29|0,92913385826772
31|30|182|183|182|0,21259842519685
32|30|241|242|240|0
33|30|191|192|189|0
34|30|164|164|162|0
35|30|166|167|151|0
36|30|157|157|153|0
37|30|227|227|227|0
38|30|220|219|219|0
39|30|255|255|255|0
0|31|255|255|255|0
1|31|255|255|255|0
2|31|255|255|255|0
3|31|180|180|180|0
4|31|180|180|180|0
5|31|180|180|180|0
6|31|182|182|182|0
7|31|185|185|185|0
8|31|167|167|167|0,031496062992126
9|31|106|106|106|0,89763779527559
10|31|49|48|49|1
11|31|3|3|3|1
12|31|10|10|10|1
13|31|10|9|10|1
14|31|17|17|18|1
15|31|32|31|32|1
16|31|35|32|38|1
17|31|37|47|23|1
18|31|48|93|4|1
19|31|45|126|0|1
20|31|64|167|14|1
21|31|101|170|69|1
22|31|43|55|37|1
23|31|89|161|57|1
24|31|9|52|0|1
25|31|0|0|4|1
26|31|20|0|15|1
27|31|42|16|37|1
28|31|138|119|118|1
29|31|131|108|92|1
30|31|47|47|47|1
31|31|70|70|72|0,86614173228346
32|31|205|206|205|0,062992125984252
33|31|243|245|244|0
34|31|239|241|240|0
35|31|221|222|219|0
36|31|200|201|200|0
37|31|226|227|227|0
38|31|224|225|225|0
39|31|255|255|255|0
0|32|255|255|255|0
1|32|255|255|255|0
2|32|255|255|255|0
3|32|215|215|215|0
4|32|215|215|215|0
5|32|215|215|215|0
6|32|215|215|215|0
7|32|224|224|224|0
8|32|165|165|165|0,33070866141732
9|32|89|89|89|1
10|32|10|10|10|1
11|32|9|9|9|1
12|32|10|10|10|1
13|32|9|9|9|1
14|32|12|13|13|1
15|32|28|27|28|1
16|32|38|38|37|1
17|32|22|21|25|1
18|32|31|33|27|1
19|32|60|87|30|1
20|32|46|108|0|1
21|32|58|150|7|1
22|32|96|173|57|1
23|32|69|149|32|1
24|32|23|65|1|1
25|32|36|29|33|1
26|32|110|106|96|1
27|32|190|182|168|1
28|32|245|227|211|1
29|32|170|142|124|1
30|32|70|64|60|1
31|32|38|37|36|1
32|32|109|109|110|0,47244094488189
33|32|221|222|222|0
34|32|209|210|210|0
35|32|212|212|213|0
36|32|213|214|214|0
37|32|210|210|210|0
38|32|210|211|211|0
39|32|255|255|255|0
0|33|255|255|255|0
1|33|255|255|255|0
2|33|255|255|255|0
3|33|202|202|202|0
4|33|202|202|202|0
5|33|202|202|202|0
6|33|203|203|203|0
7|33|200|200|200|0,015748031496063
8|33|118|118|118|0,77165354330709
9|33|76|76|75|1
10|33|4|4|4|1
11|33|10|10|10|1
12|33|10|10|10|1
13|33|10|10|10|1
14|33|9|9|10|1
15|33|15|15|15|1
16|33|31|30|31|1
17|33|33|33|33|1
18|33|17|16|19|1
19|33|40|37|43|1
20|33|73|86|56|1
21|33|50|92|8|1
22|33|41|117|0|1
23|33|76|124|26|1
24|33|201|177|150|1
25|33|248|228|216|1
26|33|255|243|228|1
27|33|226|203|187|1
28|33|182|148|126|1
29|33|140|127|118|1
30|33|220|204|192|1
31|33|58|53|51|1
32|33|46|47|47|0,89763779527559
33|33|180|179|179|0,062992125984252
34|33|198|197|197|0
35|33|194|194|194|0
36|33|194|194|194|0
37|33|194|194|194|0
38|33|194|194|194|0
39|33|255|255|255|0
0|34|255|255|255|0
1|34|255|255|255|0
2|34|255|255|255|0
3|34|171|171|171|0
4|34|171|171|171|0
5|34|171|171|171|0
6|34|173|173|173|0
7|34|162|162|162|0,070866141732283
8|34|100|100|100|0,93700787401575
9|34|74|74|74|1
10|34|0|0|0|1
11|34|4|4|4|1
12|34|5|5|5|1
13|34|9|8|8|1
14|34|10|10|10|1
15|34|11|11|11|1
16|34|23|22|23|1
17|34|39|38|39|1
18|34|35|36|35|1
19|34|15|15|15|1
20|34|22|20|25|1
21|34|61|63|58|1
22|34|26|47|16|1
23|34|141|116|90|1
24|34|255|248|233|1
25|34|190|177|166|1
26|34|158|141|131|1
27|34|186|172|159|1
28|34|192|161|142|1
29|34|167|142|125|1
30|34|94|91|89|1
31|34|8|8|8|1
32|34|33|33|33|1
33|34|160|160|160|0,40157480314961
34|34|212|212|212|0
35|34|205|205|205|0
36|34|205|205|205|0
37|34|205|205|205|0
38|34|205|205|205|0
39|34|255|255|255|0
0|35|255|255|255|0
1|35|255|255|255|0
2|35|255|255|255|0
3|35|226|226|226|0
4|35|226|226|226|0
5|35|226|226|226|0
6|35|227|227|227|0
7|35|219|219|219|0
8|35|177|177|177|0,22047244094488
9|35|109|109|109|0,68503937007874
10|35|31|31|31|0,85826771653543
11|35|49|49|49|0,8740157480315
12|35|40|40|40|0,89763779527559
13|35|10|10|10|1
14|35|0|0|0|1
15|35|3|2|2|1
16|35|12|11|12|1
17|35|31|30|31|1
18|35|41|41|41|1
19|35|37|37|36|1
20|35|16|16|16|1
21|35|15|14|16|1
22|35|45|43|49|1
23|35|157|132|120|1
24|35|255|244|229|1
25|35|244|221|208|1
26|35|253|231|218|1
27|35|229|209|195|1
28|35|210|190|178|1
29|35|121|103|92|1
30|35|53|53|52|1
31|35|26|26|26|1
32|35|15|14|14|1
33|35|114|114|114|0,75590551181102
34|35|200|200|200|0
35|35|199|199|199|0
36|35|198|198|198|0
37|35|198|198|198|0
38|35|198|198|198|0
39|35|255|255|255|0
0|36|255|255|255|0
1|36|255|255|255|0
2|36|255|255|255|0
3|36|224|224|224|0
4|36|224|224|224|0
5|36|224|224|224|0
6|36|225|225|225|0
7|36|215|215|215|0
8|36|200|200|200|0
9|36|180|180|180|0
10|36|168|168|168|0,023622047244094
11|36|214|213|214|0,031496062992126
12|36|173|173|174|0,05511811023622
13|36|145|145|146|0,26771653543307
14|36|98|97|98|0,5748031496063
15|36|55|55|56|0,78740157480315
16|36|21|21|21|0,99212598425197
17|36|15|14|15|1
18|36|30|29|30|1
19|36|39|39|39|1
20|36|35|35|35|1
21|36|14|14|14|1
22|36|0|0|0|1
23|36|127|107|96|1
24|36|255|243|227|1
25|36|255|238|224|1
26|36|228|208|195|1
27|36|140|119|107|1
28|36|215|195|183|1
29|36|241|221|209|1
30|36|53|49|47|1
31|36|48|48|47|1
32|36|7|7|7|1
33|36|75|75|75|0,95275590551181
34|36|188|187|188|0,11023622047244
35|36|201|201|201|0
36|36|198|197|198|0
37|36|198|197|198|0
38|36|198|197|198|0
39|36|255|255|255|0
0|37|255|255|255|0
1|37|255|255|255|0
2|37|255|255|255|0
3|37|224|224|224|0
4|37|224|224|224|0
5|37|224|224|224|0
6|37|225|225|225|0
7|37|215|215|215|0
8|37|196|196|196|0
9|37|177|177|177|0
10|37|172|172|172|0
11|37|219|219|219|0
12|37|178|178|179|0
13|37|193|192|193|0
14|37|218|218|219|0
15|37|195|194|195|0
16|37|149|148|149|0,17322834645669
17|37|113|113|114|0,45669291338583
18|37|74|74|74|0,76377952755906
19|37|40|40|40|0,98425196850394
20|37|31|31|31|1
21|37|27|27|28|1
22|37|0|0|0|1
23|37|85|68|59|1
24|37|255|237|220|1
25|37|255|233|220|1
26|37|251|229|215|1
27|37|255|234|220|1
28|37|255|241|227|1
29|37|235|214|200|1
30|37|25|23|22|1
31|37|15|15|14|1
32|37|4|4|4|1
33|37|28|28|28|1
34|37|175|175|175|0,21259842519685
35|37|204|204|204|0
36|37|198|199|198|0
37|37|198|199|198|0
38|37|198|199|198|0
39|37|255|255|255|0
0|38|255|255|255|0
1|38|255|255|255|0
2|38|255|255|255|0
3|38|224|224|224|0
4|38|224|224|224|0
5|38|224|224|224|0
6|38|225|225|225|0
7|38|215|215|215|0
8|38|196|196|196|0
9|38|177|177|177|0
10|38|170|170|170|0
11|38|217|217|217|0
12|38|176|176|177|0
13|38|186|185|186|0
14|38|207|207|208|0
15|38|192|191|192|0
16|38|173|172|173|0
17|38|185|185|185|0
18|38|183|183|183|0
19|38|164|164|164|0,18110236220472
20|38|112|112|112|0,51968503937008
21|38|69|69|69|0,77165354330709
22|38|40|42|44|0,86614173228346
23|38|93|78|69|0,96850393700787
24|38|255|234|216|1
25|38|255|233|219|1
26|38|255|232|218|1
27|38|255|233|219|1
28|38|255|239|224|1
29|38|211|192|181|0,96850393700787
30|38|39|38|37|0,84251968503937
31|38|59|60|60|0,69291338582677
32|38|61|62|61|0,7007874015748
33|38|122|122|122|0,40157480314961
34|38|216|216|216|0,0078740157480315
35|38|216|216|216|0
36|38|215|215|215|0
37|38|215|215|215|0
38|38|215|215|215|0
39|38|255|255|255|0
0|39|255|255|255|0
1|39|255|255|255|0
2|39|255|255|255|0
3|39|224|224|224|0
4|39|224|224|224|0
5|39|224|224|224|0
6|39|225|225|225|0
7|39|215|215|215|0
8|39|196|196|196|0
9|39|177|177|177|0
10|39|170|170|170|0
11|39|217|217|217|0
12|39|176|176|177|0
13|39|186|185|186|0
14|39|207|207|208|0
15|39|191|190|191|0
16|39|169|168|169|0
17|39|176|176|176|0
18|39|180|180|180|0
19|39|196|196|196|0
20|39|195|195|195|0
21|39|164|164|164|0
22|39|160|162|163|0,05511811023622
23|39|214|195|184|0,16535433070866
24|39|255|236|222|0,25984251968504
25|39|255|234|221|0,36220472440945
26|39|255|233|219|0,52755905511811
27|39|255|233|219|0,51968503937008
28|39|255|234|222|0,36220472440945
29|39|255|240|227|0,18897637795276
30|39|169|164|162|0,039370078740157
31|39|175|175|176|0
32|39|199|199|199|0
33|39|199|199|199|0
34|39|217|217|217|0
35|39|215|215|215|0
36|39|215|215|215|0
37|39|215|215|215|0
38|39|215|215|215|0
39|39|255|255|255|0